986
984
974
968
983
994
988
1020
1025
1021
1011
998
1005
1015
1014
1025
1021
1030
1046
1023
1026
1011
990
992
994
1026
1022
1015
1035
1019
1029
1021
1043
1054
1063
1053
1043
1028
1034
1020
1031
1032
1064
1065
1074
1084
1072
1074
1069
1085
1124
1130
1127
1129
1139
1144
1144
1135
1128
1140
1142
1127
1137
1158
1164
1151
1154
1147
1160
1180
1199
1200
1212
1219
1212
1234
1225
1222
1237
1225
1214
1201
1209
1224
1221
1216
1216
1250
1263
1274
1295
1313
1341
1353
1353
1365
1380
1399
1406
1430
1420
1435
1455
1438
1444
1455
1462
1480
1496
1495
1519
1481
1455
1482
1488
1509
1525
1492
1506
1505
1497
1519
1530
1519
1533
1529
1540
1568
1578
1572
1562
1558
1535
1563
1565
1574
1559
1578
1572
1567
1543
1546
1569
1601
1601
1597
1597
1614
1629
1592
1572
1586
1575
1585
1578
1566
1552
1557
1543
1528
1544
1534
1557
1542
1545
1570
1571
1583
1593
1629
1636
1646
1623
1623
1630
1630
1659
1658
1652
1663
1632
1628
1634
1630
1683
1671
1686
1676
1659
1653
1664
1653
1651
1673
1673
1667
1671
1694
1700
1728
1714
1723
1723
1730
1725
1761
1755
1756
1735
1737
1778
1788
1794
1786
1804
1840
1849
1849
1867
1854
1868
1874
1865
1865
1883
1883
1879
1875
1870
1890
1913
1907
1916
1895
1870
1863
1852
1862
1878
1864
1861
1859
1859
1905
1898
1897
1907
1907
1929
1899
1912
1892
1912
1930
1920
1936
1945
1948
1953
1962
1965
1960
1956
1948
1943
1943
1972
1958
1972
1985
2003
2021
2026
2032
2033
2017
2019
2007
2024
2019
2019
2019
2010
1997
2009
2009
2008
2018
2022
2036
2022
2020
2016
2010
2016
2027
2017
2035
2036
2036
2036
2026
2026
2042
2044
2027
2037
2033
2046
2035
2043
2044
2026
2032
2042
2058
2050
2051
2075
2062
2062
2066
2056
2070
2093
2091
2086
2060
2036
2028
2039
2064
2065
2037
2023
2032
2037
2036
2067
2084
2099
2078
2075
2047
2071
2068
2068
2075
2029
2042
2055
2045
2044
2031
2045
2044
2074
2087
2085
2076
2076
2104
2115
2097
2096
2084
2084
2102
2086
2079
2064
2041
2054
2070
2053
2062
2095
2110
2120
2108
2104
2114
2092
2096
2112
2115
2124
2110
2125
2143
2128
2171
2212
2210
2195
2208
2220
2224
2208
2207
2191
2203
2194
2178
2137
2131
2134
2137
2154
2148
2150
2145
2145
2146
2153
2162
2175
2161
2164
2176
2172
2145
2153
