989
1002
976
968
939
917
915
913
882
889
899
894
900
899
920
920
917
929
942
954
954
957
948
948
958
946
936
952
962
962
981
989
972
972
970
965
970
959
959
957
960
965
960
959
946
955
965
969
969
984
984
988
990
1007
1003
999
999
996
996
992
1009
1032
1032
1036
1024
1014
1015
1014
1013
1006
998
985
993
1003
1015
1015
1028
1021
1028
1028
1038
1032
1042
1044
1044
1038
1022
1038
1060
1052
1046
1041
1050
1030
1029
1028
1028
1031
1028
1028
1016
1019
1019
1023
1025
1033
1050
1069
1067
1083
1079
1058
1063
1063
1063
1081
1091
1081
1081
1088
1085
1073
1097
1098
1092
1088
1091
1091
1085
1085
1097
1112
1125
1125
1123
1120
1109
1114
1132
1136
1137
1137
1148
1170
1170
1168
1168
1166
1172
1190
1209
1207
1191
1191
1212
1233
1221
1221
1236
1231
1259
1259
1233
1253
1247
1242
1241
1264
1280
1289
1282
1280
1290
1304
1328
1328
1317
1326
1319
1319
1330
1332
1342
1352
1353
1346
1336
1336
1346
1346
1346
1343
1343
1343
1354
1354
1351
1361
1363
1363
1358
1365
1373
1366
1385
1391
1398
1391
1399
1397
1397
1397
1417
1442
1461
1449
1449
