893
893
889
909
907
880
890
896
889
874
874
875
877
898
902
912
926
920
917
924
912
895
913
896
891
878
878
884
879
871
871
880
880
887
894
893
918
911
914
909
898
888
876
876
881
891
902
893
897
892
912
910
925
926
930
913
932
944
951
951
949
949
966
959
957
963
971
978
978
979
974
973
982
977
987
983
1003
995
995
985
997
1009
1007
1025
1010
1030
1044
1049
1051
1047
1047
1069
1069
1099
1103
1096
1090
1082
1092
1085
1080
1090
1092
1108
1105
1113
1100
1090
1101
1101
1091
1106
1118
1116
1119
1130
1130
1140
1150
1141
1135
1128
1117
1108
1127
1127
1147
1161
1161
1144
1144
1153
1153
1136
1129
1144
1144
1144
1142
1142
1143
1144
1139
1121
1129
1148
1148
1146
1156
1157
1140
1148
1148
1136
1165
1177
1172
1174
1179
1179
1179
1165
1167
1167
1177
1185
1158
1158
1158
1157
1170
1166
1177
