984
988
1027
1083
1152
1064
1077
1046
1092
1090
1116
1105
1152
1167
1077
1101
1092
1128
1133
1180
1153
1124
1117
1112
1127
1182
1240
1191
1184
1112
1121
1117
1151
1127
1152
1137
1082
1153
1147
1153
1232
1238
1222
1244
1184
1194
1178
1135
1198
1160
1173
1170
1166
1266
1240
1248
1285
1333
1360
1333
1338
1310
1337
1398
1389
1370
1283
1347
1383
1427
1427
1438
1309
1417
1350
1457
1446
1456
1432
1424
1404
1422
1388
1451
1385
1417
1432
1495
1501
1541
1520
1553
1587
1501
1503
1492
1484
1526
1472
1477
1508
1526
1531
1520
1552
1512
1522
1517
1541
1567
1589
1622
1607
1618
1667
1691
1608
1636
1632
1650
1658
1637
1635
1611
1564
1536
1535
1561
1527
1540
1526
1499
1490
1512
1522
1558
1564
1594
1626
1618
1629
1681
1571
1586
1618
1657
1596
1571
1571
1580
1510
1579
1617
1593
1635
1602
1602
1595
1587
1593
1579
1559
1555
1525
1641
1597
1578
1515
1565
1562
1575
1581
1573
1604
1667
1659
1729
1715
1719
1706
1706
1727
1681
1687
1633
1638
1590
1631
1681
1621
1694
1685
1697
1668
1668
1644
1668
1610
1584
1604
1599
1616
1555
1583
1627
1627
1627
1683
1690
1619
1613
1646
1652
1622
1571
1604
1581
1610
1615
1687
1698
1706
1685
1644
1645
1665
1617
1614
1602
1549
1525
1560
1550
1536
1543
1551
1558
1614
1606
1587
1598
1639
1670
1725
1670
1682
1697
1674
1737
1722
1730
1704
1679
1703
1718
1671
1673
1659
1643
1675
1633
1619
1621
1621
1664
1635
1683
1733
1786
1751
1735
1708
1741
1722
1733
1721
1735
1771
1767
1745
1762
1744
1785
1776
1790
1805
1763
1787
1815
1834
1800
1843
1851
1864
1835
1790
1865
1901
1912
1896
1861
1815
1822
1767
1748
1728
1725
1722
1775
1799
1768
1791
1804
1839
1861
1852
1822
1812
1778
1864
1870
1833
1844
1870
1823
1870
1866
1940
1898
1919
1907
1899
1905
1904
1912
1873
1908
1909
1873
1907
1931
1915
1956
1950
1955
1953
1939
1941
1945
1958
1950
1919
1862
1858
1830
1858
1857
1844
1836
1877
1862
1878
1874
1864
1886
1839
1881
1953
1880
1848
1877
1902
1946
1912
1893
1826
1867
1966
1929
1933
1934
1980
1969
1929
1938
1940
1894
1932
1875
1939
1896
1907
1944
1918
1901
1897
1896
1830
1852
1800
1824
1866
1894
1867
1884
1899
1899
1841
1873
1870
1873
1874
1734
1795
1811
1793
1846
1856
1831
1874
1858
1910
1956
1969
1882
1903
1924
1931
1906
1983
1996
1999
2047
1984
2015
1898
1927
1813
1901
1915
1940
2001
1970
1963
1975
1989
2043
1930
1942
1936
1941
1969
1952
1978
1942
1980
1932
1973
1972
1931
1958
1966
1923
1901
1867
1873
1879
1890
1850
1918
1951
1940
1909
1832
1877
1875
1970
1998
2026
2009
2012
2074
2012
1958
1958
1945
1921
1904
1925
1911
1845
1892
1762
1833
1870
1912
1952
2040
2045
2087
2049
2053
2033
2032
2041
2031
2050
2015
1956
1972
1996
2034
2002
2041
2045
2042
2093
2061
2047
2025
2031
2067
2052
2032
2037
2047
2063
2022
2032
1993
1964
1997
2023
2093
2122
2066
2057
2038
2037
1974
1982
2072
1951
1984
1950
1963
1966
1981
1973
1961
1972
1915
1915
1972
1973
1955
1884
1961
1927
1913
1973
1928
1953
1955
1989
2030
2019
2019
2021
2062
2064
2047
2051
2044
2009
2034
2069
2073
2063
2070
2082
2059
2061
2017
1983
1996
1953
1970
2006
2057
2030
2068
2044
2008
2047
1974
1952
1998
2020
2053
2064
2056
2060
2029
2081
2104
2123
2044
2034
2055
2192
2205
2191
2180
2168
2141
2166
2128
2089
2110
2088
2109
2092
2077
2042
2057
2113
2033
2024
2057
2082
2136
2098
2104
2095
2091
2047
2081
2117
2092
2108
2144
2168
2218
2192
2165
2167
2130
2192
2199
2130
2189
2230
2194
2240
2252
2297
2261
2266
2232
2234
2266
2249
2222
2247
2240
2248
2189
2205
2216
2222
2256
2232
2251
2186
2210
2150
2168
2144
2153
2162
2158
2208
2220
2172
2159
2134
2121
2107
2140
2123
2126
2134
2126
2204
2097
2152
2147
2131
2146
2163
2169
2178
2216
2197
2203
2227
2252
2284
2262
2298
2280
2308
2268
2293
2317
2311
2267
2225
2227
2196
2160
2181
2218
2194
2185
2194
2218
2210
2210
2185
2167
2204
2217
2226
2217
2245
2252
2266
2219
2220
2178
2233
2283
2253
2250
2226
2260
2205
2258
2213
2274
2276
2268
2269
2259
2254
2276
2258
2182
2178
2205
2195
2166
2236
2213
2223
2227
2268
2232
2246
2217
2244
2203
2218
2193
2214
2223
2223
2201
2197
2173
2194
2165
2160
2182
2234
2211
2240
2245
2291
2334
2334
2345
2307
2323
2261
2270
2309
2313
2312
2286
2210
2214
2211
2183
2194
2190
2153
2150
2170
2222
2251
2240
2267
2235
2227
2259
2272
2284
2256
2266
2234
2171
2133
2139
2196
2199
2207
2250
2285
2276
2254
2237
2280
2289
2281
2318
2313
2319
2253
2234
2238
2276
2258
2226
2249
2249
2238
2236
2246
2284
2245
2257
2244
2178
2180
2122
2090
2091
2167
2186
2188
2127
2130
2143
2159
2179
2208
2194
2151
2195
2191
2233
2181
2199
2161
2236
2192
2207
2207
2167
2175
2210
2218
2260
2231
2248
2297
2244
2261
2207
2235
2300
2260
2264
2237
2250
2197
2222
2215
2200
2184
2191
2174
2175
2166
2159
2154
2168
2149
2157
2208
2189
2143
2132
2121
2116
2107
2070
2102
2097
2114
2117
2147
2087
2092
2086
2101
2063
2097
2152
2146
2142
2117
2084
2096
2112
2166
2176
2162
2153
2115
2121
2149
2091
2094
2162
2188
2211
2230
2235
2198
2220
2207
2201
2224
2211
2237
2220
2206
2242
2204
2181
2211
2224
2224
2239
2246
2259
2220
2235
2282
2300
2271
2307
2316
2288
2245
2294
2286
2264
2254
2315
2334
2320
2350
2343
2330
2389
2325
2320
2309
2275
2305
2322
2316
2303
2275
2287
2276
2323
2309
2344
2306
2341
2329
2290
2255
2256
2218
2176
2165
2209
2205
2211
2218
2308
2256
2252
2232
2209
2273
2276
2288
2284
2307
2333
2275
2208
2198
2187
2215
2202
2205
2287
2283
2286
2258
2224
2250
2272
2215
2178
2229
2218
2196
2185
2157
2185
2175
2236
2297
2256
2226
2246
2269
2328
2317
2278
2319
2286
2301
2332
2326
2362
2365
2398
2355
2394
2372
2372
2319
2281
2294
2349
2330
2327
2346
2398
2375
2368
2379
2401
2363
2354
2398
2378
2358
2332
2384
2357
2368
2337
2345
2357
2339
2316
2327
2323
2332
2231
2251
2262
2330
2316
2281
2317
2341
2345
2342
2338
2368
2363
2356
2341
2346
2329
2339
2345
2364
2406
2393
2393
2318
2241
2274
2246
2238
2246
2272
2299
2301
2301
2243
2267
2274
2298
2311
2324
2281
2283
2284
2287
2295
2339
2286
2312
2284
2278
2276
2331
2270
2257
2224
2271
2296
2272
2245
2173
2186
2170
2208
2236
2351
2355
2332
2296
2295
2346
2262
2310
2307
2338
2349
2305
2318
2260
2265
2237
2274
2231
2231
2256
2255
2223
2236
2259
2205
2218
2242
2228
2231
2206
2209
2186
2206
2268
2350
2349
2369
2372
2380
2419
2416
2310
2341
2387
2387
2367
2320
2305
2340
2359
2376
2332
2341
2289
2281
2338
2260
2310
2318
2333
2298
2330
2415
2412
2420
2438
2397
2401
2417
2420
2439
2408
2419
2402
2372
2369
2373
2370
2368
2322
2400
2436
2370
2377
2334
2349
2293
2320
2338
2319
2325
2383
2397
2397
2408
2386
2410
2451
2484
2417
2366
2408
2412
2408
2420
2425
2480
2432
2449
2438
2400
2413
2401
2417
2382
2367
2353
2353
2381
2404
2384
2425
2424
2441
2412
2400
2406
2401
2449
2433
2421
2417
2421
2428
2425
2465
2466
2486
2459
2404
2393
2426
2438
2464
2376
2375
2396
2390
2390
2399
2407
2409
2428
2420
2437
2418
2436
2462
2417
2393
2434
2453
2480
2496
2485
2465
2398
2432
2441
2442
2503
2471
2479
2471
2459
2398
2420
2394
2405
2374
2456
2380
2435
2394
2403
2371
2382
2435
2454
2436
2429
2391
2366
2397
2419
2422
2411
2449
2423
2443
2476
2498
2458
2469
2482
2482
2513
2503
2519
2541
2509
2474
2449
2421
2459
2420
2461
2449
2486
2487
2512
2528
2549
2530
2519
2541
2532
2525
2499
2505
2472
2474
2493
2438
2414
2463
2517
2548
2510
2469
2442
2433
2440
2399
2403
2426
2415
2436
2409
2440
2440
2432
2381
2445
2444
2415
2352
2431
2371
2432
2406
2362
2390
2310
2356
2380
2396
2428
2463
2464
2461
2448
2448
2461
2458
2423
2440
2483
2507
2507
2527
2549
2530
2496
2450
2426
2416
2430
2440
2407
2415
2408
2385
2425
2509
2500
2515
2501
2503
2537
2539
2501
2512
2499
2455
2484
2474
2526
2569
2511
2497
2507
2538
2515
2557
2485
2455
2437
2419
2394
2392
2430
2449
2436
2461
2470
2473
2446
2454
2457
2472
2450
2476
2498
2566
2565
2500
2470
2453
2444
2513
2509
2465
2459
2508
2462
2514
2499
2503
2462
2438
2472
2470
2466
2509
2507
2467
2417
2428
2459
2486
2454
2432
2409
2445
2451
2465
2443
2469
2523
2509
2492
2401
2403
2437
2426
2448
2472
2492
2448
2479
2491
2484
2508
2486
2493
2526
2484
2484
2480
2467
2548
2513
2511
2485
2427
2415
2427
2449
2433
2459
2482
2466
2436
2416
2423
2425
2495
2467
2516
2520
2528
2531
2468
2479
2439
2476
2504
2471
2482
2472
2480
2514
2560
2561
2525
2512
2527
2490
2519
2499
2506
2491
2525
2526
2511
2563
2520
2505
2523
2545
2561
2559
2559
2515
2519
2548
2518
2499
2553
2591
2573
2597
2572
2567
2571
2587
2555
2569
2569
2580
2577
2572
2553
2584
2556
2491
2494
2477
2484
2483
2566
2518
2510
2509
2476
2476
2474
2514
2531
2549
2540
2549
2541
2552
2566
2585
2562
2538
2517
2543
2503
2513
2474
2472
2472
2488
2477
2537
2532
2519
2521
2519
2532
2534
2522
2552
2623
2592
2616
2584
2583
2578
2605
2580
2630
2609
2584
2604
2555
2623
2624
2611
2609
2562
2573
2569
2526
2504
2502
2496
2543
2504
2499
2491
2521
2536
2478
2532
2577
2540
2499
2540
2539
2550
2538
2521
2530
2518
2556
2600
2604
2544
2495
2505
2495
2526
2551
2526
2543
2525
2518
2518
2524
2525
2502
2529
2518
2489
2485
2463
2453
2446
2448
2470
2517
2504
2472
2487
2557
2554
2537
2544
2533
2528
2505
2505
2496
2511
2488
2481
2449
2548
2546
2569
2590
2604
2532
2511
2470
2486
2478
2469
2496
2490
2513
2489
2533
2529
2588
2590
2568
2547
2559
2544
2549
2519
2510
2496
2452
2480
2498
2474
2515
2558
2559
2540
2596
2578
2594
2572
2561
2603
2572
2602
2593
2585
2587
2589
2599
2582
2608
2624
2611
2592
2574
2566
2550
2627
2625
2672
2645
2626
2562
2620
2608
2616
2582
2563
2608
2621
2609
2618
2601
2572
2578
2503
2506
2555
2572
2573
2514
2511
2519
2562
2596
2533
2549
2544
2519
2511
2522
2534
2516
2501
2507
2496
2554
2571
2517
2513
2517
2418
2460
2496
2458
2477
2517
2546
2566
2573
2606
2611
2614
2585
2572
2564
2534
2483
2488
2556
2552
2566
2552
2551
2570
2582
2597
2558
2526
2541
2539
2552
2585
2555
2606
2642
2648
2648
2654
2610
2601
2651
2607
2611
2544
2572
2555
2567
2549
2514
2523
2531
2552
2562
2583
2530
2546
2597
2563
2562
2560
2579
2616
2644
2646
2653
2608
2582
2604
2590
2606
2594
2552
2572
2592
2611
2619
2641
2626
2592
2603
2585
2596
2583
2608
2579
2584
2625
2595
2537
2537
2544
2546
2519
2501
2549
2556
2531
2508
2562
2542
2570
2534
2535
2551
2512
2577
2556
2534
2509
2497
2499
2481
2450
2416
2451
2463
2454
2501
2456
2446
2448
2445
2483
2438
2513
2551
2598
2627
2573
2614
2652
2626
2643
2632
2630
2611
2565
2573
2612
2635
2606
2599
2521
2557
2590
2612
2608
2614
2608
2611
2624
2613
2640
2606
2573
2515
2554
2582
2592
2567
2577
2554
2520
2519
2507
2518
2605
2593
2597
2593
2617
2637
2627
2624
2622
2623
2664
2627
2631
2591
2586
2569
2569
2604
2576
2579
2593
2653
2665
2635
2552
2572
2565
2555
2547
2563
2546
2531
2540
2539
2543
2563
2528
2599
2559
2610
2622
2605
2631
2615
2625
2614
2653
2672
2694
2666
2655
2666
2635
2591
2535
2528
2555
2572
2661
2619
2621
2634
2594
2582
2577
2569
2539
2545
2524
2542
2538
2502
2473
2525
2544
2540
2565
2607
2646
2621
2623
2565
2562
2561
2589
2564
2609
2613
2527
2551
2504
2552
2482
2487
2501
2519
2542
2568
2555
2523
2524
2550
2533
2537
2516
2570
2540
2541
2546
2552
2556
2560
2577
2531
2515
2505
2510
2548
2520
2530
2581
2595
2617
2570
2561
2583
2521
2530
2508
2552
2550
2553
2564
2596
2585
2582
2619
2650
2676
2659
2701
2689
2693
2696
2656
2657
2639
2624
2595
2577
2604
2624
2642
2601
2626
2564
2602
2592
2603
2582
2597
2605
2612
2625
2618
2656
2661
2662
2627
2606
2605
2611
2593
2560
2580
2548
2514
2613
2567
2578
2546
2533
2582
2578
2584
2581
2584
2615
2642
2645
2669
2708
2696
2679
2716
2719
2685
2688
2683
2694
2667
2678
2676
2701
2676
2665
2609
2661
2677
2664
2671
2669
2654
2607
2606
2608
2615
2622
2644
2632
2596
2604
2609
2577
2552
2571
2580
2624
2594
2565
2580
2578
2572
2568
2563
2558
2546
2583
2578
2624
2606
2624
2593
2537
2535
2581
2567
2565
2546
2530
2558
2566
2574
2645
2615
2609
2569
2605
2518
2504
2539
2523
2586
2550
2581
2567
2561
2620
2592
2590
2578
2577
2568
2537
2561
2582
2530
2526
2513
2559
2574
2589
2573
2567
2540
2540
2555
2543
2495
2523
2544
2539
2579
2565
2560
2549
2585
2557
2562
2610
2564
2572
2550
2545
2545
2508
2553
2495
2481
2491
2502
2494
2446
2480
2497
2498
2529
2506
2553
2530
2491
2511
2507
2478
2528
2527
2538
2500
2546
2545
2564
2511
2531
2543
2518
2546
2551
2546
2549
2530
2542
2530
2519
2536
2528
2550
2567
2519
2520
2473
2465
2503
2494
2545
2539
2549
2533
2521
2552
2536
2506
2506
2539
2505
2525
2521
2531
2530
2480
2493
2497
2491
2502
2523
2580
2543
2557
2483
2521
2495
2466
2477
2480
2462
2430
2466
2456
2495
2484
2483
2520
2494
2507
2493
2526
2485
2501
2486
2477
2495
2433
2408
2447
2409
2428
2452
2497
2472
2409
2416
2387
2400
2412
2426
2480
2541
2534
2544
2517
2561
2532
2500
2535
2527
2534
2514
2475
2470
2505
2531
2524
2535
2545
2511
2534
2535
2521
2600
2569
2525
2559
2539
2554
2552
2553
2559
2557
2607
2627
2634
2616
2632
2608
2559
2601
2558
2515
2480
2464
2465
2475
2485
2513
2526
2520
2529
2524
2547
2507
2555
2581
2568
2565
2602
2603
2593
2571
2547
2551
2595
2563
2541
2589
2617
2636
2568
2564
2508
2497
2516
2514
2610
2595
2629
2652
2660
2679
2672
2639
2673
2638
2618
2616
2622
2590
2625
2601
2605
2608
2621
2580
2566
2579
2561
2578
2597
2577
2570
2602
2614
2613
2582
2537
2526
2550
2570
2611
2597
2566
2556
2580
2562
2559
2573
2538
2577
2543
2524
2565
2559
2603
2626
2563
2599
2562
2576
2575
2589
2664
2617
2586
2570
2539
2573
2532
2564
2545
2564
2587
2577
2584
2559
2570
2567
2582
2593
2578
2563
2574
2589
2579
2560
2568
2508
2498
2548
2543
2537
2532
2575
2562
2566
2602
2632
2590
2566
2594
2597
2611
2591
2572
2582
2619
2610
2604
2603
2614
2636
2622
2651
2637
2642
2632
2655
2617
2621
2562
2585
2550
2599
2662
2690
2660
2673
2631
2631
2696
2691
2672
2615
2656
2670
2653
2654
2649
2614
2636
2657
2651
2681
2645
2616
2600
2557
2555
2533
2561
2572
2596
2657
2653
2657
2669
2662
2669
2644
2632
2682
2632
2652
2591
2575
2626
2582
2589
2563
2611
2630
2653
2637
2604
2615
2676
2673
2658
2647
2609
2601
2605
2583
2612
2616
2669
2643
2618
2587
2629
2619
2650
2553
2587
2600
2591
2610
2621
2610
2591
2621
2607
2644
2646
2644
2608
2599
2633
2653
2641
2643
2609
2641
2606
2572
2607
2607
2590
2598
2603
2592
2609
2597
2584
2587
2617
2576
2612
2595
2560
2569
2614
2565
2588
2564
2537
2585
2586
2609
2590
2601
2601
2583
2557
2545
2553
2569
2575
2601
2619
2591
2552
2578
2565
2612
2563
2564
2530
2599
2615
2613
2597
2606
2643
2628
2654
2631
2615
2593
2576
2610
2590
2561
2571
2554
2569
2591
2577
2558
2564
2632
2647
2635
2671
2667
2635
2655
2637
2634
2637
2616
2572
2542
2548
2537
2573
2548
2581
2587
2576
2551
2545
2604
2585
2612
2661
2592
2619
2607
2575
2618
2621
2589
2622
2594
2572
2577
2533
2574
2556
2555
2564
2525
2546
2543
2534
2540
2571
2583
2582
2583
2599
2585
2592
2570
2542
2472
2534
2541
2580
2572
2576
2577
2618
2613
2612
2597
2586
2627
2619
2640
2601
2608
2558
2586
2591
2600
2582
2553
2561
2569
2573
2512
2542
2532
2534
2570
2576
2582
2577
2576
2568
2570
2622
2622
2633
2595
2609
2589
2568
2573
2531
2522
2564
2578
2592
2587
2615
2616
2615
2551
2531
2492
2522
2570
2549
2599
2590
2593
2631
2609
2633
2650
2631
2549
2534
2506
2565
2615
2636
2568
2587
2594
2589
2587
2607
2583
2587
2564
2612
2559
2601
2575
2553
2556
2524
2553
2595
2624
2659
2606
2625
2631
2683
2655
2664
2672
2683
2678
2668
2649
2628
2583
2565
2594
2588
2588
2622
2606
2585
2614
2595
2630
2607
2621
2609
2628
2637
2644
2631
2630
2671
2669
2644
2564
2570
2569
2568
2622
2610
2638
2612
2598
2589
2568
2634
2614
2602
2579
2576
2567
2592
2611
2618
2619
2605
2621
2575
2600
2588
2574
2566
2650
2641
2659
2624
2660
2644
2563
2552
2581
2568
2591
2630
2629
2673
2675
2713
2673
2686
2689
2714
2705
2695
2712
2689
2665
2648
2647
2690
2709
2671
2623
2634
2638
2646
2623
2654
2637
2659
2641
2663
2602
2663
2663
2649
2662
2676
2620
2636
2591
2629
2621
2644
2627
2617
2618
2639
2646
2640
2618
2598
2622
2607
2642
2608
2622
2594
2563
2554
2614
2566
2619
2651
2636
2577
2611
2623
2644
2653
2663
2639
2635
2638
2657
2660
2675
2674
2675
2684
2690
2695
2664
2673
2681
2655
2625
2628
2628
2639
2641
2634
2673
2624
2613
2623
2595
2674
2626
2586
2574
2549
2606
2578
2598
2567
2636
2641
2646
2673
2699
2701
2666
2645
2664
2683
2638
2641
2654
2613
2646
2711
2739
2681
2684
2685
2674
2702
2661
2665
2648
2657
2668
2632
2622
2617
2641
2695
2719
2673
2650
2607
2575
2600
2634
2630
2607
2624
2627
2603
2584
2605
2598
2657
2596
2613
2564
2548
2531
2549
2568
2560
2595
2580
2599
2606
2558
2538
2543
2562
2580
2609
2621
2571
2595
2529
2534
2532
2577
2533
2571
2538
2550
2559
2542
2548
2596
2526
2544
2555
2544
2528
2528
2533
2554
2559
2567
2548
2579
2585
2548
2609
2612
2544
2554
2552
2555
2531
2520
2540
2560
2545
2556
2564
2569
2607
2617
2634
2598
2590
2612
2614
2615
2654
2639
2634
2592
2563
2639
2687
2612
2644
2679
2682
2669
2671
2699
2690
2647
2634
2635
2702
2661
2665
2672
2636
2626
2627
2604
2606
2646
2636
2623
2643
2622
2636
2619
2634
2598
2525
2511
2545
2541
2553
2530
2533
2563
2611
2625
2566
2583
2610
2595
2582
2572
2562
2518
2551
2556
2572
2559
2562
2630
2600
2556
2572
2586
2571
2539
2528
2595
2618
2599
2598
2570
2587
2620
2598
2585
2548
2567
2541
2482
2529
2560
2552
2581
2600
2636
2613
2581
2628
2646
2651
2615
2602
2622
2602
2685
2649
2630
2653
2612
2608
2584
2608
2598
2618
2638
2602
2602
2673
2677
2659
2680
2698
2622
2674
2642
2643
2636
2599
2633
2623
2620
2599
2623
2627
2590
2639
2619
2569
2564
2537
2516
2563
2584
2596
2606
2616
2614
2610
2619
2606
2638
2656
2644
2621
2610
2600
2611
2578
2617
2634
2661
2624
2587
2636
2622
2643
2644
2666
2642
2665
2622
2655
2589
2619
2615
2580
2583
2604
2580
2526
2587
2589
2569
2642
2657
2634
2619
2608
2611
2580
2597
2520
2592
2552
2593
2591
2627
2639
2649
2632
2610
2574
2591
2582
2596
2605
2607
2607
2668
2679
2751
2692
2667
2630
2622
2609
2590
2616
2694
2679
2686
2649
2617
2625
2635
2630
2620
2647
2654
2636
2628
2694
2714
2700
2698
2676
2702
2716
2721
2734
2683
2686
2689
2696
2686
2750
2703
2752
2693
2684
2700
2687
2682
2721
2713
2698
2681
2651
2661
2676
2671
2707
2651
2663
2691
2687
2655
2661
2662
2690
2687
2652
2650
2620
2597
2558
2533
2556
2605
2666
2674
2625
2611
2612
2616
2668
2689
2713
2672
2646
2636
2627
2645
2622
2653
2667
2649
2688
2627
2612
2626
2650
2669
2731
2685
2696
2656
2642
2660
2663
2658
2662
2681
2681
2661
2702
2671
2650
2629
2639
2640
2662
2662
2674
2618
2628
2603
2624
2636
2625
2595
2563
2590
2631
2649
2650
2722
2691
2676
2685
2698
2683
2625
2660
2672
2717
2690
2721
2712
2674
2669
2668
2658
2663
2660
2663
2652
2622
2627
2626
2642
2679
2681
2684
2697
2673
2650
2611
2608
2644
2736
2724
2712
2643
2687
2699
2687
2684
2664
2656
2664
2659
2614
2623
2611
2637
2648
2677
2703
2693
2717
2741
2699
2655
2679
2705
2651
2642
2686
2673
2670
2697
2735
2713
2721
2710
2758
2752
2744
2727
2692
2708
2704
2683
2664
2648
2627
2643
2632
2588
2597
2576
2592
2533
2540
2590
2607
2601
2579
2661
2679
2733
2708
2708
2690
2733
2744
2730
2706
2730
2743
2754
2761
2747
2731
2725
2712
2710
2648
2656
2727
2705
2719
2684
2726
2669
2693
2719
2694
2694
2711
2682
2645
2620
2659
2661
2686
2675
2688
2693
2728
2671
2671
2641
2628
2595
2611
2635
2591
2598
2649
2691
2715
2711
2703
2680
2666
2661
2648
2672
2644
2656
2640
2687
2676
2692
2639
2623
2659
2681
2650
2662
2644
2645
2642
2591
2612
2638
2629
2615
2601
2639
2624
2639
2652
2617
2623
2648
2638
2609
2612
2596
2600
2641
2636
2658
2696
2695
2671
2640
2665
2667
2646
2602
2665
2618
2621
2605
2613
2663
2610
2609
2630
2605
2616
2626
2636
2607
2631
2611
2604
2623
2671
2681
2671
2703
2688
2668
2700
2680
2713
2664
2687
2683
2711
2706
2665
2679
2664
2652
2636
2702
2660
2665
2666
2671
2642
2648
2696
2645
2636
2623
2672
2681
2676
2691
2683
2670
2615
2645
2616
2638
2665
2587
2603
2609
2657
2636
2631
2693
2699
2707
2683
2659
2668
2641
2651
2650
2653
2639
2617
2656
2690
2719
2694
2691
2684
2649
2632
2718
2695
2718
2732
2630
2670
2625
2642
2622
2641
2630
2622
2649
2647
2679
2656
2623
2621
2643
2633
2616
2657
2665
2677
2669
2659
2624
2620
2610
2608
2621
2614
2636
2622
2607
2619
2627
2642
2604
2624
2621
2617
2611
2669
2648
2662
2656
2634
2568
2532
2569
2573
2580
2564
2583
2570
2581
2605
2561
2585
2610
2555
2563
2552
2559
2606
2627
2641
2677
2617
2649
2665
2650
2657
2638
2636
2610
2588
2639
2624
2641
2610
2602
2604
2591
2591
2571
2553
2519
2535
2655
2630
2625
2619
2558
2511
2520
2532
2564
2547
2543
2542
2545
2555
2623
2630
2623
2582
2550
2563
2572
2535
2538
2537
2578
2583
2548
2532
2559
2579
2539
2567
2592
2571
2566
2541
2553
2543
2568
2563
2584
2599
2589
2576
2552
2591
2629
2616
2587
2558
2574
2535
2534
2622
2592
2580
2560
2572
2554
2573
2544
2572
2582
2591
2611
2545
2535
2515
2541
2560
2603
2637
2639
2603
2498
2483
2483
2504
2530
2514
2572
2567
2566
2577
2572
2588
2577
2552
2535
2566
2584
2631
2566
2540
2544
2522
2518
2520
2539
2538
2573
2612
2619
2612
2585
2579
2560
2614
2657
2655
2639
2640
2645
2677
2633
2586
2573
2553
2520
2502
2472
2541
2467
2506
2522
2595
2569
2510
2509
2513
2525
2534
2541
2627
2539
2579
2551
2598
2605
2575
2589
2577
2551
2520
2539
2540
2495
2485
2506
2543
2550
2595
2588
2635
2628
2603
2601
2544
2547
2577
2584
2614
2614
2614
2600
2606
2603
2641
2650
2593
2613
2537
2604
2673
2670
2611
2582
2604
2621
2614
2599
2594
2629
2624
2605
2667
2643
2646
2618
2629
2629
2634
2634
2641
2624
2603
2586
2545
2599
2584
2568
2594
2567
2573
2517
2516
2559
2566
2491
2541
2559
2588
2583
2590
2508
2490
2476
2491
2569
2541
2492
2504
2499
2510
2551
2538
2535
2544
2571
2575
2572
2561
2525
2523
2544
2552
2522
2580
2579
2568
2580
2561
2543
2518
2490
2465
2463
2442
2459
2504
2491
2500
2497
2531
2552
2578
2588
2588
2583
2537
2530
2502
2552
2554
2560
2544
2570
2590
2515
2537
2551
2543
2522
2579
2558
2548
2509
2511
2583
2585
2553
2550
2573
2567
2605
2561
2523
2558
2588
2543
2498
2514
2495
2558
2567
2576
2552
2554
2542
2561
2501
2536
2579
2639
2619
2609
2540
2572
2536
2537
2503
2534
2468
2457
2543
2523
2529
2586
2595
2505
2553
2560
2559
2561
2552
2590
2627
2599
2646
2644
2567
2576
2624
2588
2598
2643
2632
2636
2615
2595
2584
2572
2564
2527
2526
2554
2570
2591
2567
2576
2564
2579
2594
2585
2503
2506
2510
2526
2505
2508
2544
2530
2518
2607
2618
2627
2602
2549
2623
2568
2579
2559
2515
2518
2506
2478
2540
2513
2522
2521
2466
2524
2590
2616
2609
2621
2571
2574
2625
2624
2643
2647
2668
2621
2574
2585
2602
2602
2596
2607
2634
2650
2639
2612
2589
2616
2619
2633
2624
2605
2593
2584
2559
2602
2586
2609
2669
2626
2635
2613
2592
2617
2612
2629
2601
2585
2564
2587
2583
2620
2573
2576
2579
2562
2550
2564
2550
2567
2551
2572
2538
2580
2544
2537
2572
2583
2557
2539
2541
2563
2570
2575
2551
2583
2601
2578
2593
2573
2601
2534
2551
2612
2604
2577
2564
2576
2553
2554
2541
2548
2543
2569
2589
2576
2562
2590
2588
2621
2620
2662
2625
2573
2612
2590
2576
2553
2575
2592
2600
2595
2582
2599
2615
2591
2561
2590
2628
2615
2590
2607
2612
2629
2544
2553
2600
2656
2647
2659
2643
2645
2639
2633
2655
2659
2623
2654
2627
2641
2607
2632
2627
2601
2606
2574
2606
2592
2571
2581
2569
2589
2602
2624
2606
2620
2620
2644
2641
2659
2666
2603
2580
2603
2630
2598
2595
2587
2557
2553
2557
2556
2554
2535
2541
2581
2587
2604
2602
2597
2614
2633
2662
2667
2665
2673
2658
2639
2617
2640
2612
2633
2606
2585
2626
2594
2620
2653
2676
2677
2612
2630
2658
2631
2653
2652
2669
2624
2605
2559
2610
2617
2606
2635
2642
2583
2597
2603
2620
2634
2627
2609
2590
2583
2595
2552
2576
2563
2529
2590
2593
2557
2547
2569
2545
2593
2559
2583
2607
2657
2617
2639
2671
2689
2650
2671
2653
2683
2651
2643
2637
2589
2561
2567
2591
2636
2584
2573
2620
2591
2601
2574
2591
2595
2625
2615
2681
2684
2657
2608
2584
2597
2620
2626
2647
2637
2620
2648
2621
2581
2598
2633
2592
2560
2594
2556
2539
2580
2558
2566
2568
2590
2605
2584
2555
2572
2589
2605
2576
2576
2609
2607
2618
2623
2644
2631
2619
2606
2594
2584
2591
2589
2559
2587
2590
2608
2629
2624
2606
2622
2651
2581
2564
2572
2565
2579
2547
2521
2561
2556
2563
2553
2594
2573
2562
2604
2590
2554
2609
2601
2609
2593
2620
2628
2656
2621
2630
2612
2603
2594
2630
2655
2649
2641
2635
2638
2645
2655
2647
2662
2668
2666
2659
2615
2635
2631
2620
2647
2634
2585
2599
2565
2578
2555
2539
2526
2579
2592
2583
2572
2550
2540
2538
2533
2509
2566
2525
2536
2607
2606
2576
2562
2571
2633
2492
2500
2549
2549
2513
2557
2573
2595
2616
2635
2601
2594
2586
2619
2590
2568
2569
2597
2648
2645
2635
2621
2591
2578
2584
2600
2564
2568
2571
2615
2614
2585
2572
2575
2566
2589
2577
2580
2556
2560
2608
2665
2623
2655
2637
2622
2656
2620
2587
2618
2603
2591
2632
2639
2623
2639
2593
2623
2614
2637
2634
2603
2586
2587
2590
2568
2585
2580
2584
2639
2635
2623
2625
2609
2587
2600
2589
2615
2594
2588
2599
2628
2593
2626
2620
2561
2591
2594
2617
2599
2565
2572
2586
2601
2616
2624
2600
2618
2607
2627
2639
2653
2639
2650
2656
2669
2649
2664
2716
2709
2716
2715
2634
2623
2629
2684
2694
2675
2625
2609
2576
2535
2584
2627
2587
2631
2650
2623
2647
2616
2628
2631
2613
2616
2684
2657
2574
2614
2623
2652
2657
2629
2620
2667
2647
2636
2644
2632
2638
2625
2633
2648
2619
2664
2651
2704
2674
2686
2623
2636
2676
2651
2630
2621
2613
2611
2664
2630
2638
2624
2625
2649
2657
2625
2661
2706
2689
2702
2709
2689
2695
2626
2614
2627
2626
2713
2677
2625
2634
2660
2661
2617
2662
2710
2732
2665
2697
2683
2658
2670
2649
2706
2710
2725
2745
2682
2639
2706
2688
2659
2690
2674
2706
2703
2707
2667
2655
2632
2622
2633
2605
2606
2625
2648
2622
2630
2620
2635
2637
2631
2646
2593
2638
2670
2630
2654
2660
2645
2647
2672
2640
2636
2576
2638
2604
2581
2556
2592
2613
2613
2606
2630
2640
2575
2588
2627
2616
2614
2620
2662
2699
2590
2641
2604
2627
2621
2619
2640
2589
2589
2565
2552
2559
2621
2560
2571
2599
2527
2545
2585
2690
2682
2659
2612
2558
2527
2532
2554
2531
2558
2585
2570
2578
2560
2590
2566
2578
2598
2611
2587
2614
2570
2566
2595
2662
2673
2663
2584
2612
2584
2597
2586
2603
2593
2604
2612
2641
2606
2622
2595
2569
2565
2535
2530
2537
2516
2511
2520
2604
2646
2609
2571
2620
2600
2583
2639
2664
2609
2577
2543
2569
2602
2625
2620
2599
2613
2639
2659
2685
2698
2681
2673
2592
2606
2655
2659
2675
2666
2684
2640
2677
2671
2640
2673
2638
2673
2657
2681
2660
2629
2611
2641
2613
2680
2648
2622
2642
2642
2622
2587
2625
2605
2593
2578
2546
2616
2615
2637
2650
2633
2654
2657
2637
2616
2641
2640
2680
2723
2729
2722
2681
2666
2700
2690
2652
2662
2670
2655
2670
2712
2689
2687
2715
2747
2770
2736
2729
2717
2758
2753
2770
2719
2722
2709
2691
2656
2629
2675
2680
2716
2653
2665
2662
2658
2709
2706
2747
2706
2666
2694
2628
2642
2611
2580
2604
2628
2609
2568
2552
2571
2663
2644
2611
2588
2590
2593
2614
2628
2604
2585
2579
2618
2602
2606
2612
2613
2595
2593
2611
2648
2633
2663
2646
2667
2686
2665
2652
2631
2618
2607
2575
2530
2566
2573
2548
2545
2524
2498
2558
2566
2578
2604
2595
2602
2596
2600
2631
2613
2583
2621
2603
2581
2509
2496
2549
2549
2567
2555
2569
2561
2572
2529
2598
2604
2585
2547
2495
2507
2512
2552
2562
2536
2532
2562
2499
2569
2585
2589
2590
2600
2565
2500
2522
2539
2565
2555
2566
2533
2511
2539
2541
2581
2587
2600
2607
2595
2589
2590
2589
2568
2590
2522
2512
2566
2529
2573
2613
2606
2604
2581
2579
2584
2561
2600
2562
2536
2593
2543
2554
2553
2598
2582
2618
2615
2583
2591
2562
2565
2627
2600
2587
2570
2574
2503
2556
2525
2504
2510
2571
2564
2530
2574
2571
2573
2529
2560
2556
2543
2610
2572
2521
2522
2556
2537
2528
2550
2534
2510
2534
2585
2553
2612
2567
2558
2514
2518
2512
2550
2552
2552
2555
2586
2601
2578
2603
2603
2585
2649
2615
2581
2631
2579
2590
2645
2618
2610
2601
2608
2603
2605
2620
2617
2609
2608
2625
2587
2592
2603
2608
2535
2514
2556
2598
2598
2623
2627
2618
2635
2632
2625
2659
2668
2686
2646
2670
2652
2647
2658
2645
2659
2638
2617
2588
2605
2639
2658
2657
2681
2659
2648
2661
2627
2636
2548
2553
2553
2603
2551
2493
2529
2581
2626
2624
2601
2603
2650
2652
2601
2615
2620
2591
2562
2552
2549
2584
2554
2544
2603
2586
2623
2629
2644
2674
2620
2705
2686
2658
2660
2624
2641
2635
2610
2647
2609
2614
2644
2635
2627
2710
2699
2688
2719
2653
2623
2608
2630
2640
2607
2663
2673
2654
2660
2685
2645
2663
2629
2625
2677
2632
2638
2667
2668
2632
2626
2601
2605
2618
2643
2671
2702
2710
2687
2669
2672
2637
2652
2672
2681
2689
2707
2671
2674
2638
2663
2660
2638
2629
2640
2595
2594
2628
2631
2623
2662
2641
2610
2595
2581
2622
2622
2628
2651
2630
2618
2611
2606
2596
2599
2616
2640
2631
2667
2660
2642
2646
2599
2578
2599
2580
2563
2586
2533
2584
2605
2617
2609
2575
2592
2588
2621
2627
2636
2673
2660
2651
2665
2687
2672
2674
2660
2633
2673
2641
2668
2707
2669
2657
2634
2608
2613
2579
2612
2668
2622
2616
2653
2655
2656
2658
2679
2696
2683
2680
2669
2695
2683
2662
2676
2689
2671
2684
2660
2665
2674
2633
2648
2668
2688
2652
2674
2659
2667
2626
2637
2659
2655
2645
2622
2601
2594
2634
2646
2617
2621
2557
2612
2566
2595
2628
2545
2627
2594
2651
2626
2594
2616
2622
2615
2638
2655
2646
2649
2631
2607
2661
2686
2669
2656
2633
2645
2675
2661
2636
2618
2618
2582
2595
2608
2619
2598
2594
2580
2581
2575
2587
2575
2598
2604
2609
2604
2604
2575
2572
2584
2576
2549
2537
2562
2559
2528
2516
2572
2549
2565
2547
2565
2567
2491
2546
2572
2601
2585
2588
2583
2580
2592
2644
2632
2663
2640
2647
2646
2662
2643
2634
2634
2657
2652
2633
2612
2595
2607
2600
2589
2558
2570
2532
2562
2556
2559
2507
2534
2547
2543
2529
2585
2544
2554
2582
2562
2601
2574
2590
2579
2580
2554
2554
2575
2555
2530
2497
2553
2536
2596
2594
2568
2535
2579
2569
2557
2549
2515
2586
2585
2513
2518
2538
2558
2633
2614
2613
2579
2583
2589
2602
2598
2543
2594
2566
2632
2659
2632
2652
2633
2614
2617
2595
2595
2661
2624
2635
2679
2639
2612
2613
2544
2561
2577
2525
2576
2592
2564
2575
2522
2520
2542
2507
2541
2573
2577
2518
2523
2501
2497
2502
2479
2474
2504
2500
2442
2513
2572
2536
2472
2505
2473
2466
2477
2489
2440
2495
2482
2491
2527
2493
2510
2493
2527
2518
2481
2506
2510
2510
2499
2524
2565
2619
2619
2553
2587
2591
2591
2596
2586
2525
2540
2550
2581
2564
2541
2539
2572
2618
2586
2568
2579
2592
2585
2560
2533
2604
2585
2577
2597
2638
2617
2582
2514
2565
2573
2559
2551
2539
2497
2507
2537
2508
2538
2524
2550
2572
2620
2586
2612
2616
2636
2581
2530
2514
2525
2522
2492
2498
2532
2558
2551
2554
2554
2536
2523
2510
2576
2573
2548
2593
2568
2547
2576
2557
2555
2519
2481
2539
2512
2551
2615
2598
2564
2519
2523
2562
2525
2597
2528
2518
2547
2534
2567
2587
2584
2540
2570
2549
2578
2578
2597
2571
2582
2607
2595
2600
2588
2605
2595
2578
2586
2578
2676
2631
2623
2634
2581
2566
2594
2636
2620
2636
2608
2646
2675
2690
2709
2712
2624
2609
2595
2582
2580
2585
2606
2601
2617
2638
2723
2721
2714
2685
2673
2626
2579
2587
2601
2557
2550
2579
2586
2584
2603
2582
2625
2634
2650
2681
2666
2669
2657
2587
2591
2604
2628
2642
2619
2592
2617
2645
2625
2647
2641
2604
2582
2577
2600
2630
2617
2649
2616
2598
2578
2568
2561
2557
2645
2630
2622
2637
2621
2621
2632
2642
2654
2661
2664
2665
2667
2667
2700
2646
2720
2738
2692
2684
2656
2663
2715
2626
2651
2667
2672
2626
2636
2632
2600
2603
2609
2600
2610
2562
2591
2614
2631
2649
2638
2605
2556
2581
2548
2565
2616
2583
2537
2523
2546
2549
2572
2578
2576
2590
2566
2582
2552
2558
2600
2571
2587
2549
2554
2558
2557
2570
2542
2555
2555
2562
2593
2664
2604
2634
2651
2609
2583
2574
2581
2573
2627
2625
2628
2624
2643
2635
2624
2614
2568
2647
2654
2705
2726
2690
2733
2734
2680
2653
2631
2617
2637
2606
2623
2578
2608
2662
2694
2723
2731
2705
2705
2646
2658
2640
2672
2715
2738
2682
2704
2742
2684
2692
2689
2710
2681
2667
2704
2726
2756
2774
2779
2761
2812
2781
2737
2747
2696
2763
2755
2756
2740
2746
2766
2769
2786
2712
2720
2704
2672
2662
2682
2705
2728
2718
2743
2667
2631
2625
2645
2671
2695
2715
2706
2727
2736
2778
2759
2809
2764
2757
2758
2762
2754
2726
2779
2749
2692
2673
2654
2659
2697
2673
2618
2593
2604
2668
2701
2688
2702
2704
2690
2652
2670
2671
2654
2635
2684
2705
2682
2707
2690
2669
2673
2684
2650
2670
2666
2632
2671
2642
2666
2648
2613
2568
2616
2607
2593
2599
2644
2648
2677
2677
2666
2641
2643
2616
2637
2633
2667
2657
2664
2705
2695
2676
2671
2668
2686
2696
2625
2600
2598
2606
2642
2669
2689
2733
2741
2685
2714
2708
2764
2726
2719
2710
2741
2747
2738
2737
2741
2731
2721
2686
2732
2702
2682
2716
2689
2732
2763
2740
2765
2810
2735
2704
2701
2678
2726
2726
2737
2725
2616
2618
2597
2606
2710
2718
2721
2714
2672
2655
2657
2621
2625
2615
2643
2649
2632
2654
2597
2609
2586
2561
2550
2559
2568
2591
2565
2634
2677
2602
2622
2639
2624
2571
2604
2617
2648
2605
2539
2573
2563
2594
2606
2625
2621
2640
2636
2684
2665
2686
2640
2686
2708
2681
2682
2670
2624
2652
2669
2631
2649
2669
2657
2645
2674
2683
2654
2663
2645
2678
2647
2653
2576
2590
2566
