0 0.8791539072990417
20 -0.34337908029556274
40 0.31227385997772217
60 0.41978734731674194
80 -0.38293859362602234
100 -0.09110848605632782
120 -0.11929713934659958
140 0.23575296998023987
160 0.23995321989059448
180 0.24592489004135132
200 0.20310620963573456
220 0.0861729234457016
240 -0.11811607331037521
260 -0.09030604362487793
280 0.016161281615495682
300 0.02121792361140251
320 -0.18532179296016693
340 0.044944219291210175
360 0.08716359734535217
380 0.07461157441139221
400 0.025901375338435173
420 0.02488008886575699
440 0.002349712187424302
460 -0.026636341586709023
480 -0.010366611182689667
500 0.03866817057132721
520 0.012756139039993286
540 -0.011142805218696594
560 -0.018321849405765533
580 -0.01687006466090679
600 0.016245162114501
620 0.008699415251612663
640 -0.003463490167632699
660 -0.009951507672667503
680 -0.0054815406911075115
700 0.0018596305744722486
720 -0.0013999366201460361
740 0.02204987034201622
760 0.004454765003174543
780 0.004247729666531086
800 0.023016467690467834
820 0.012671166099607944
840 -0.01373973023146391
860 0.006379438564181328
880 0.0029792445711791515
900 0.003359661204740405
920 0.020567556843161583
940 -0.001922348397783935
960 0.007410066202282906
980 0.000630774418823421
1000 0.0089185182005167
1020 -0.0023258498404175043
1040 0.003080913098528981
1060 -0.0014030822785571218
1080 0.00887451320886612
1100 -0.0027581301983445883
1120 0.0020011875312775373
1140 -0.0025431583635509014
1160 -0.0010955734178423882
1180 -0.0010636975057423115
1200 0.00214478000998497
1220 0.001922889263369143
1240 -0.0026699949521571398
1260 0.0036164158955216408
1280 -0.00017458407091908157
1300 0.0017495324136689305
1320 -0.0012442879378795624
1340 -0.004286325536668301
1360 -0.0008631467935629189
1380 0.0005399743095040321
1400 0.006323837675154209
1420 -0.0009376516682095826
1440 0.0008616119157522917
1460 0.0018854154041036963
1480 0.0006009291973896325
1500 0.0014544893056154251
1520 0.00030760865774936974
1540 -0.00045175166451372206
1560 0.0014074771897867322
1580 -0.0005951585480943322
1600 0.0004797840374521911
1620 0.0013088684063404799
1640 -0.004294880200177431
1660 -0.026043014600872993
1680 -0.0017360500060021877
1700 0.00000019512015114742098
1720 0.0004401172627694905
1740 -0.000005775289537268691
1760 0.00017586079775355756
1780 0.0013469145633280277
1800 0.001266896608285606
1820 -0.006740066688507795
1840 -0.0011492847697809339
1860 -0.004192377906292677
1880 -0.0035123489797115326
1900 0.002260893117636442
1920 -0.0002623028995003551
1940 0.00799667090177536
1960 0.0012593006249517202
1980 0.0007114423788152635
2000 -0.0019118706695735455
2020 -0.002871632343158126
2040 0.001345324795693159
2060 -0.000018915019609266892
2080 0.000406634877435863
2100 0.0013683353317901492
2120 -0.0062258802354335785
2140 -0.0007017470779828727
2160 -0.0037465603090822697
2180 0.0006928884540684521
2200 -0.00019201630493625998
2220 -0.00019084867381025106
2240 0.006837770808488131
2260 -0.00022112662554718554
2280 0.0005852332687936723
2300 0.000783501542173326
2320 -0.00020577374380081892
2340 0.00011809068382717669
2360 -0.00013687281170859933
2380 0.000017320633560302667
2400 0.00015764267300255597
2420 -0.004338487982749939
2440 -0.0016120676882565022
2460 -0.0010149497538805008
2480 0.000354127143509686
2500 -0.0002791278820950538
2520 0.00017409070278517902
2540 0.00011408350837882608
2560 -0.0006098918966017663
2580 0.00016594270709902048
2600 0.000010264189768349752
2620 -0.00008239849557867274
2640 -0.00023243484611157328
2660 -0.0003045739431399852
2680 -0.000090072448074352
2700 0.00020424659305717796
2720 0.00021569139789789915
2740 0.00027951213996857405
2760 0.00005979078559903428
2780 0.00024767781724222004
2800 -0.00011426538549130782
2820 -0.00011560296115931123
2840 -0.00033612112747505307
2860 -0.00007255136733874679
2880 0.00038614950608462095
2900 -0.0006691597518511117
2920 -0.00004727220948552713
2940 0.0002494454092811793
2960 0.00002922245221270714
2980 0.00007452263525919989
3000 -0.0001050888531608507
3020 0.003168481169268489
3040 0.00004193384665995836
3060 0.00012174846779089421
3080 -0.00013440517068374902
3100 -0.00010842697520274669
3120 0.0014986612368375063
3140 0.00008954365330282599
3160 -0.00018308880680706352
3180 -0.00019400530436541885
3200 -0.000037132285797270015
3220 -0.00017557753017172217
3240 -0.0007488176925107837
3260 -0.00007893568545114249
3280 0.00006667288107564673
3300 -0.0005340037168934941
3320 -0.00005240134851192124
3340 0.0002120536519214511
3360 0.000045687447709497064
3380 0
3400 0.0008472662884742022
3420 -0.00007497064507333562
3440 0.00005421326568466611
3460 0.000012683869499596767
3480 -0.00006892207602504641
3500 -0.0009103189804591238
3520 -0.0000934916824917309
3540 -0.0005738360923714936
3560 0.000018515089323045686
3580 -0.00013476080494001508
3600 -0.00024409244360867888
3620 -0.0002813097380567342
3640 0.000055825712479418144
3660 -0.000011724109754140954
3680 -0.000017231386664207093
3700 0.00008545176387997344
3720 0.000057452958571957424
3740 -0.00008943610737333074
3760 -0.00002628504444146529
3780 0.0005020101089030504
3800 0.00002962664802907966
3820 -0.00010400552855571732
3840 0.0011241327738389373
3860 0.00007339120202232152
3880 0.000006722814305248903
3900 0.00002186382880609017
3920 -0.0004514454922173172
3940 0.00010677786485757679
3960 -0.00002361476254009176
3980 -0.0005320745985955
4000 0.00025004363851621747
4020 -0.00001835789043980185
4040 -0.000010180382560065482
4060 0.00046053805272094905
4080 0.0000386394931410905
4100 0.00013515188766177744
4120 -0.00008744407386984676
4140 0.00006384211883414537
4160 -0.00003729893796844408
4180 0.00008323881775140762
4200 -0.0001497447519795969
4220 -0.0003606310929171741
4240 -0.0002457309456076473
4260 -0.000059577749198069796
4280 0.000012726924069283996
4300 0.000027078793209511787
4320 -0.000056823817430995405
4340 -0.000026118059395230375
4360 -0.00002190468876506202
4380 0.0000536575898877345
4400 -0.000015604224245180376
4420 -0.000029956436264910735
4440 -0.00031739211408421397
4460 0.0000186092311196262
4480 -0.000022404832634492777
4500 -0.0006636775797232985
4520 -0.00002653458432178013
4540 -0.00002319761370017659
4560 0.00005628467260976322
4580 -0.00003295985152362846
4600 0.0000826684117782861
4620 -0.0002798690111376345
4640 0.00002707854946493171
4660 0.0000759399845264852
4680 -0.000016146650523296557
4700 0.00003287855724920519
4720 0.00008362439984921366
4740 -0.000015019940292404499
4760 -0.00028320393175818026
4780 0.00031010404927656054
4800 0.00014741549966856837
4820 -0.000008219408300647046
4840 0.000008011130375962239
4860 0.00010380894673289731
4880 0.00003938713052775711
4900 -0.000013017470337217674
4920 0.00006951193790882826
4940 -0.0000254504666372668
4960 -0.00016369509103242308
4980 -0.00005465426147566177
5000 -0.0007164384587667882
5020 -0.000041054561734199524
5040 0.0007711054058745503
5060 0.00010923228546744213
5080 0.00009442454756936058
5100 0.000012850764505856205
5120 -0.0007695499225519598
5140 -0.000323259097058326
5160 -0.000057828427088679746
5180 -0.00015988349332474172
5200 0.0007324405596591532
5220 0.0002751201100181788
5240 -0.00004251553400536068
5260 -0.0009708295110613108
5280 -0.00003032425229321234
5300 0.0005185386398807168
5320 0.0015608844114467502
5340 0.00000016797947921531886
5360 0.0009203297086060047
5380 -0.00022994127357378602
5400 -0.000800479028839618
5420 0.00011658299627015367
5440 0.00014773404109291732
5460 0.0000061346354414126836
5480 -0.000021945916159893386
5500 0.0004666559398174286
5520 -0.00002478295391483698
5540 -0.000014894962077960372
5560 0.000011974694643868133
5580 0.0001353175175609067
5600 -0.000008135995813063346
5620 -0.00004447518949746154
5640 -0.00004126245767110959
5660 0.00005357343252399005
5680 -0.000010138673133042175
5700 0.000014813348570896778
5720 -0.000024449051124975085
5740 0.00032647320767864585
5760 -0.0000021278813164826715
5780 0.00011594892566790804
5800 -0.000009387651516590267
5820 0.000055747379519743845
5840 0.00003851257497444749
5860 -0.0000204436837520916
5880 0.0002004407870117575
5900 0.000002461672011122573
5920 0.00020344281801953912
5940 0.00003942977127735503
5960 -0.000050774648116203025
5980 -0.0005298674805089831
6000 0.00000930432815948734
6020 0.000008136070391628891
6040 -0.000007697472028667107
6060 0.00003871919398079626
6080 -0.00001285061352973571
6100 0.000012350102224445436
6120 0.0000004177342418643093
6140 -0.000794425024650991
6160 0.0001338485162705183
6180 -0.0028881432954221964
6200 -0.00003609035775298253
6220 -0.000019985052858828567
6240 -0.000012057872481818777
6260 0.00031875757849775255
6280 0.000035798988392343745
6300 -0.0000049650425353320315
6320 -0.000011014900337613653
6340 0.000027751433663070202
6360 -0.00004166999860899523
6380 0.00006913689139764756
6400 -0.000009929285624821205
6420 -0.000047121317038545385
6440 -0.0000011682498097798089
6460 -0.00012049340148223564
6480 -0.000014227384781406727
6500 0.00012830460036639124
6520 -0.000018858534531318583
6540 0.000020069619495188817
6560 -0.000009304202649218496
6580 0.000007896463102952112
6600 0.000012725661690637935
6620 0.00009508992661722004
6640 0.00002324347042303998
6660 0.000013269578630570322
6680 0.00005714093640563078
6700 -0.000009220737410942093
6720 -0.000017606900655664504
6740 0.000008930688636610284
6760 -0.00005632123429677449
6780 -0.000005298811174725415
6800 0.00002757924266916234
6820 -0.00000045895555444985803
6840 -0.000007468409876310034
6860 -0.000051149982027709484
6880 -0.000011724078831321094
6900 -0.000025367045964230783
6920 0.000014603210729546845
6940 -0.000015479075955227017
6960 -0.00010688268230296671
6980 -0.00000438093047705479
7000 0.0000030875205538904993
7020 0.000005590915861830581
7040 -0.0000058829295994655695
7060 -0.00010842845222214237
7080 0.000015938749129418284
7100 0.000020319443137850612
7120 -0.000043015061237383634
7140 0.000022823327526566572
7160 -0.0000205689557333244
7180 -0.000015227924450300634
7200 -0.00006933893746463582
7220 -0.00028066278900951147
7240 0.00002737070644798223
7260 -0.00003446223490755074
7280 0.0002768307167571038
7300 -0.000030331868401844986
7320 0.0000022947820070839953
7340 0.00013063556980341673
7360 0.00008378186612389982
7380 0.00018720500520430505
7400 -0.000019776418412220664
7420 -0.00006946134089957923
7440 -0.00002486661651346367
7460 0.00001648071156523656
7480 -0.000026618836272973567
7500 -0.000019526114556356333
7520 -0.000003379573854545015
7540 0.0007667893078178167
7560 -0.000015560604879283346
7580 -0.000018566761355032213
7600 0.00009404588490724564
7620 0.0000004173902254933637
7640 0.00004026484748465009
7660 0.000025785775505937636
7680 -0.00011096611706307158
7700 0.000007092979103617836
7720 0.00006433966336771846
7740 0.00004281023939256556
7760 -0.000013351247616810724
7780 -0.000006336193109746091
7800 -0.000022237985831452534
7820 -0.00013766507618129253
7840 0.00009542304906062782
7860 -0.0005609877989627421
7880 0.000032210667995968834
7900 -0.00005327763210516423
7920 0.00001514569521532394
7940 0.00004664760854211636
7960 0.000030793769838055596
7980 0.000005967380729998695
8000 0.00009847120963968337
8020 -0.0005433349870145321
8040 0.00010931945871561766
8060 -0.00008160444849636406
8080 0.0003933823900297284
8100 0.00032200245186686516
8120 -0.0003668161225505173
8140 -0.00003329402534291148
8160 0.00016010091349016875
8180 -0.00016048175166361034
8200 0.00010335307888453826
8220 -0.00029166825697757304
8240 0.00048145302571356297
8260 0.0010926941176876426
8280 -0.00008194961992558092
8300 -0.0001904476957861334
8320 -0.0004532833117991686
8340 -0.000008052517841861118
8360 0.00001973557664314285
8380 -0.0000003304370466139517
8400 -0.00002403200778644532
8420 0.00013440812472254038
8440 0.00028793467208743095
8460 -0.000051483544666552916
8480 -0.0007807487272657454
8500 0.00003926321733160876
8520 -0.00012328637239988893
8540 -0.009192277677357197
8560 0.00004318506034906022
8580 0.00012360249820630997
8600 -0.0001645668817218393
8620 0.01197557058185339
8640 0.00022577372146770358
8660 -0.0011040075914934278
8680 0.00008720159530639648
8700 0.00022687535965815187
8720 0.004698056727647781
8740 0.0000024199491690524155
8760 -0.0008965416345745325
8780 0.0006041294545866549
8800 -0.0000837311235954985
8820 0.00037989020347595215
8840 0.004988193977624178
8860 0.000005841255187988281
8880 0.0006671029841527343
8900 0.0003987591480836272
8920 -0.0004420409968588501
8940 0.00016172041068784893
8960 0.0013685730518773198
8980 0.00017211170052178204
9000 -0.00030027824686840177
9020 0.0005221831961534917
9040 -0.018923450261354446
9060 -0.001429827301762998
9080 -0.0006215441389940679
9100 -0.0010510040447115898
9120 0.003717963118106127
9140 0.0022778429556638002
9160 -0.0005859374650754035
9180 0.0012860193382948637
9200 0.0012351389741525054
9220 6.570664882659912
9240 -1.3891243934631348
9260 0.0023258046712726355
9280 -0.016045216470956802
9300 0.00014424306573346257
9320 -0.0003971580881625414
9340 -0.0012177295284345746
9360 -0.00407403102144599
9380 0.004513883963227272
9400 0.0034063905477523804
9420 0.002818565582856536
9440 0.0006896042032167315
9460 0.0007138217915780842
9480 0.0004326414200477302
9500 0.00007462365465471521
9520 -0.0003007857594639063
9540 0.000005635491106659174
9560 -0.0003900243609678
9580 0.0006702464306727052
9600 0.0005149570060893893
9620 -0.00010204681166214868
9640 0.0001747097703628242
9660 0.000054240696044871584
9680 -0.0010240821866318583
9700 -0.0003604682569857687
9720 0.00006099942038417794
9740 0.00006780126568628475
9760 0.000008100674676825292
9780 -0.0001494277676101774
9800 -0.0002754248271230608
9820 -0.00013891831622458994
9840 -0.0001632222847547382
9860 0.00007159716915339231
9880 -0.00006846352334832773
9900 0.00006412903894670308
9920 -0.000016396101273130625
9940 0.0005657256697304547
9960 0.00001897172478493303
9980 0.00003525730789988302
10000 -0.0004095533804502338
10020 -0.000058072917454410344
10040 -0.00019581282685976475
10060 0.00017945212312042713
10080 -0.0000002904883444898587
10100 0.00006377744284691289
10120 0.00006738529918948188
10140 -0.00006903347093611956
10160 0.00005073828651802614
10180 -0.0005481282714754343
10200 0.000072183865995612
10220 0.0003680479421745986
10240 -0.00003332802589284256
10260 -0.00025803406606428325
10280 -0.00023441035591531545
10300 0.0009719017543829978
10320 0.013254545629024506
10340 0.0001971907913684845
10360 -0.0019074872834607959
10380 -0.0006093950942158699
10400 0.0001801913313101977
10420 -0.00006921936437720433
10440 -0.0005592208472080529
10460 0.00003254643888794817
10480 0.00012960551248397678
10500 -0.0003655583714134991
10520 -0.008942749351263046
10540 -0.001366478856652975
10560 -0.0030360850505530834
10580 -0.0004840788897126913
10600 -0.000438760151155293
10620 -0.007797348313033581
10640 -0.000024699533241800964
10660 -0.00013182807015255094
10680 -0.000009596302334102802
10700 0.00003863731399178505
10720 -0.000059284866438247263
10740 0.00027150180540047586
10760 0.000030209359465516172
10780 -0.00010361480235587806
10800 -0.00007079907663865015
10820 0.00004422717393026687
10840 0.00023299641907215118
10860 0.0008721827762201428
10880 0.00002328184200450778
10900 0.00006229527934920043
10920 0.00024416393716819584
10940 -0.00021708462736569345
10960 -0.0037665071431547403
10980 0.00014405550609808415
11000 0.00047397552407346666
11020 -0.0052485684864223
11040 -0.00014233555702958256
11060 -0.0001455499732401222
11080 0.00017932509945239872
11100 0.00007314315007533878
11120 0.00019204152340535074
11140 -0.00003437889608903788
11160 -0.00001564597914693877
11180 0.002318274462595582
11200 0.00000045895578182353347
11220 0.000027120115191792138
11240 -0.00013806161587126553
11260 -0.0001618683454580605
11280 0.00001668984623393044
11300 -0.0000470614068035502
11320 -0.000018024060409516096
11340 0.000022281241399468854
11360 -0.000003838523298327345
11380 -0.0005275025614537299
11400 -0.0000036637475204770453
11420 0.00004369184171082452
11440 -0.0006467396160587668
11460 -0.00010876057058339939
11480 0.0001376137661281973
11500 0.000030084100217209198
11520 0.0000492835788463708
11540 -0.000006467080311267637
11560 -0.000027536558263818733
11580 -0.000011890865607711021
11600 0.000051571947551565245
11620 -0.000015701896700193174
11640 0.0000071347476477967575
11660 -0.000008553196494176518
11680 -0.0010540933581069112
11700 -0.01415879838168621
11720 0.000021362551706261
11740 -0.0000637490302324295
11760 0.000013059514458291233
11780 0.0019376365235075355
11800 -0.00001481153321947204
11820 -0.0000017106674476963235
11840 0.000005006807896279497
11860 0.00000000007033221921526334
11880 0.000009930138730851468
11900 0.000002086166205117479
11920 0.0000032961556826194283
11940 -0.0000709277082933113
11960 0.00013064584345556796
11980 0.000030416249501286075
12000 -0.000019234019418945536
12020 -0.000001960991539817769
12040 0.00007193090277723968
12060 -0.000030415510991588235
12080 0.0003780911793000996
12100 -0.000042965260945493355
12120 0.0000061333180383371655
12140 -0.000018023982192971744
12160 -0.000006216290330485208
12180 -0.000018733264369075187
12200 -0.000006675688837276539
12220 0.00004977634671377018
12240 3.8378446102142334
12260 0.000003713399109983584
12280 0.000027079264327767305
12300 -0.0000017106511904785293
12320 0.000008052635166677646
12340 0.0000206532913580304
12360 0.000011515668120409828
12380 -0.0000278287407127209
12400 -0.0000017523261703900062
12420 0.0000020444392703211633
12440 -0.00002436570866848342
12460 -0.0000009178425557365699
12480 -0.000027828697056975216
12500 -0.00004643585634767078
12520 -0.030810972675681114
12540 0.000022196956706466153
12560 0.000023073087504599243
12580 0.000001043081624629849
12600 0.00003313471097499132
12620 -0.000006008109266986139
12640 0.000028580428988789208
12660 -0.0000037550782963080565
12680 0.0014806160470470786
12700 -0.00001777382021828089
12720 0.00001831747795222327
12740 0.0000688512809574604
12760 0.00007552304305136204
12780 0.00001923447234730702
12800 0.00006387908797478303
12820 0.00005357384725357406
12840 -0.000002247006023026188
12860 0.000036967569030821323
12880 -0.0009877063566818833
12900 0.000000667572919610393
12920 -0.000002294773139510653
12940 0.00019225636788178235
12960 0.000012224976671859622
12980 -0.000174993765540421
13000 -0.0000070929004323261324
13020 -0.000009345913895231206
13040 -0.000007218069640657632
13060 -0.00004768721555592492
13080 -0.09946385771036148
13100 -0.000033502383303130046
13120 -0.000037170124414842576
13140 -0.000004193243967165472
13160 -0.00005014922862756066
13180 -0.0000026702723516791593
13200 -0.000014561212083208375
13220 -0.00006812948413426057
13240 0.00024930902873165905
13260 0.000000141988493851386
13280 0.0000004172325134277344
13300 -0.000051150182116543874
13320 -0.00000025032443318195874
13340 0.00039491060306318104
13360 0.000010389183444203809
13380 -0.000016605539713054895
13400 -0.000009345954822492786
13420 0.00004543843533610925
13440 -0.00024176693113986403
13460 0.000007051320153550478
13480 -0.000007760466360196006
13500 -0.00022584639373235404
13520 -0.00001276727289223345
13540 -0.000003880263648170512
13560 0.0005922965938225389
13580 -0.000007843907951610163
13600 -0.000018149352399632335
13620 -0.00004485126191866584
13640 -0.000018149305105907843
13660 -0.000029247048587421887
13680 0.00002612280695757363
13700 0.00011603235907386988
13720 -0.000012224757483636495
13740 -0.000034254713682457805
13760 0.00005604821490123868
13780 0.000009721554306452163
13800 -0.000007426732281601289
13820 0.000010305704563506879
13840 0.0001570463355164975
13860 0.00003792780262301676
13880 -0.000021328398361220025
13900 -0.00002056913945125416
13920 -0.000043160802306374535
13940 -0.000007551850103482138
13960 -0.000004881585937255295
13980 0.00004081414226675406
14000 0.00018797855591401458
14020 0.000042015341023216024
14040 0.00014792755246162415
14060 0.00048249572864733636
14080 0.0000004590779951740842
14100 -0.00003500469756545499
14120 -0.000004380922746349825
14140 -0.000012266604244359769
14160 -0.000032584735890850425
14180 -0.000002085585038003046
14200 0.000015062383681652136
14220 0.000009012259397422895
14240 0.0000017523796032037353
14260 0.000011891862413904164
14280 -0.0008293850114569068
14300 0.000003838552856905153
14320 -0.000015687706763856113
14340 -0.000008886968316801358
14360 0.000018233722585137002
14380 0.000007385081062238896
14400 0.00003596614260459319
14420 0.00007005524093983695
14440 0.0006268204306252301
14460 -0.00002741127900662832
14480 0.00013335433322936296
14500 -0.0002439702657284215
14520 0.0000009231108037965896
14540 0.00007456575985997915
14560 -0.000007259792710101465
14580 0.000035594453947851434
14600 0.000009679913091531489
14620 -0.000016689018593751825
14640 -0.000010722765182435978
14660 0.000004464397079573246
14680 0.00018587399972602725
14700 0.003368651494383812
14720 0.00006951297837076709
14740 0.000028705600925604813
14760 -0.0003447137714829296
14780 3.779447317123413
14800 -0.00012382486602291465
14820 0.0003286958090029657
14840 0.000005424037226475775
14860 -0.000011890935638803057
14880 0.00001952662569237873
14900 -0.00000838630603539059
14920 0.000019109249478788115
14940 0.052147652953863144
14960 -0.000029414148229989223
14980 -0.00012411053467076272
15000 0.00004810690734302625
15020 0.000002795458158288966
15040 -0.000020944640709785745
15060 0.0000036299522889748914
15080 -0.000009471082194068003
15100 -0.00006258107168832794
15120 -0.000034170741855632514
15140 0.00000029206361773503886
15160 0.00008992762741399929
15180 -0.000005674327894666931
15200 -0.000019859860913129523
15220 0.000030666589736938477
15240 -0.00005252622941043228
15260 -0.000007677032044739462
15280 0.000013852230040356517
15300 4.216904640197754
15320 -2.7441608905792236
15340 0.000032838041079230607
15360 0.0000016689305084582884
15380 0.000005257141310721636
15400 0.0002505381125956774
15420 0.00000020969451952623785
15440 0.0001717404811643064
15460 0.000009638148185331374
15480 0.000037676953070331365
15500 -0.0010104442480951548
15520 -0.00021746351558249444
15540 0.0000010013579867518274
15560 0.0002170216030208394
15580 0.000033880856790347025
15600 -0.0011126584140583873
15620 -0.00003429542630328797
15640 0.0002911378687713295
15660 0.00013755234249401838
15680 0.000024157856387319043
15700 -0.002033440861850977
15720 0.0000007092952500897809
15740 0.00006680428487015888
15760 0.0025668363086879253
15780 0.0000030875207812641747
15800 0.00008282375347334892
15820 0.000026370646082796156
15840 -0.00003271014429628849
15860 0.00030572840478271246
15880 -0.00001698106098046992
15900 0.00003609154009609483
15920 -0.00005252637492958456
15940 0.0003155545564368367
15960 0.0020406083203852177
15980 -0.000011681071555358358
16000 -0.00007180070679169148
16020 0.000017482612747699022
16040 0.000034338725527049974
16060 0.0000000041503622760785674
16080 -0.00008373476885026321
16100 -0.000001084803102457954
16120 -0.00000488159366796026
16140 -0.0000004172323428974778
16160 0.00000045895575340182404
16180 0.000017732618289301172
16200 -0.00006304035196080804
16220 -0.000005298842552292626
16240 -0.000001919265969263506
16260 -0.0000023364973458228633
16280 0.0000000000012690648228466661
16300 0.000004261054527887609
16320 -0.0000002503156792954542
16340 0.0000027954649794992292
16360 -0.0000011682495824061334
16380 -0.00000037550913134509756
16400 -0.000005048475941293873
16420 -0.0000002920627082403371
16440 -0.000006216730071173515
16460 0.0000025033962174347835
16480 0.0000004589724653669691
16500 -0.0004627392627298832
16520 0.000011140397873532493
16540 -0.00006721033423673362
16560 -0.0000026285601961717475
16580 -0.0000011682496960929711
16600 0.0000022948615878704004
16620 -0.021489916369318962
16640 -0.0000020027121081511723
16660 -0.0000007927412184471905
16680 0.0000004172325418494438
16700 -0.000008928685019782279
16720 -0.000004756428097607568
16740 -0.000007510140676458832
16760 -0.0000015016655652289046
16780 -0.0003749309107661247
16800 0.000003254417151765665
16820 -0.0000003337858913710079
16840 -0.00000834432285046205
16860 -0.000007051171905914089
16880 -0.000009345922080683522
16900 -0.0000004589556965584052
16920 0.000002044454049610067
16940 -0.0000002920603776601638
16960 0.0000021278863187035313
16980 -0.000005841226538905175
17000 -0.000004464367066248087
17020 0.000010180511708313134
17040 -0.0000006258483722376695
17060 -0.0000011682499234666466
17080 -0.00000020861621408130304
17100 0.00000045895754396951816
17120 0.00000037550938714048243
17140 0.00000037550938714048243
17160 -0.0000012099727655368042
17180 0.000029331820769584738
17200 0.00003985245348303579
17220 -0.0000010430802603877964
17240 -0.0000004172323428974778
17260 0.000012266754310985561
17280 -0.000000250339439844538
17300 0.000007301570349227404
17320 0.00000004172342471520096
17340 -0.00000045895566813669575
17360 0.000000000000001740829630614445
17380 -0.00000041723239974089665
17400 -0.00000008344649415903405
17420 0.0000026285654257662827
17440 0.0000008344652542291442
17460 0.000004756452199217165
17480 -0.0000001251697341331237
17500 -0.00000012516974834397843
17520 0.0000002503395535313757
17540 0.0000011265284456385416
17560 0.00000020861675409378222
17580 0.000010097059202962555
17600 -0.00000037550913134509756
17620 -0.0000001251697341331237
17640 -0.0000004172323713191872
17660 0.0000002920627935054654
17680 -0.00000016689297410721338
17700 0.0000000834465012644614
17720 -0.0000001251697341331237
17740 -0.00000045895575340182404
17760 0.000003921991265087854
17780 0.000005799532118544448
17800 -0.0000014185877716954565
17820 0.0000005424023470368411
17840 -0.000017356464013573714
17860 -0.00000016689295989635866
17880 0.000000000000015667468475475017
17900 -0.000063499974203296
17920 0.000000006790759066177543
17940 0.00000008344650836988876
17960 0.0000005023749736210448
17980 -0.0000002920627082403371
18000 0.0000005841299071107642
18020 -0.000010222084711131174
18040 -0.00000008344649415903405
18060 -0.0000030040648653084645
18080 0.00000008344650836988876
18100 0.000007969312719069421
18120 -0.00001076448734238511
18140 0.0000010848045803868445
18160 -0.00000016689295989635866
18180 0.0000001251700894044916
18200 -0.000004047146376251476
18220 -0.0000029206223643996054
18240 -0.0000000417232506322307
18260 0.00000037550978504441446
18280 -0.00000000000000000000007262066060113554
18300 -0.00000020861619987044833
18320 0.0000003337860050578456
18340 0.00000004172325773765806
18360 -0.00000008344649415903405
18380 -0.000000250339439844538
18400 0.0000006675720101156912
18420 -0.0000013768656117463252
18440 -0.00000016689278936610208
18460 0.0000002920643282777746
18480 0.000000000000006963319369490727
18500 -0.00000037550913134509756
18520 0.0000019192702893633395
18540 0.0000000000005640290751812715
18560 0.0000005841255301675119
18580 0.0000000000000017408298423726818
18600 -0.0000035881873827747768
18620 0.000005883034191356273
18640 -0.0000001251697341331237
18660 0.0000005006796186535212
18680 -0.0000000417232506322307
18700 0.00000012516983360910672
18720 0.00000008344650836988876
18740 -0.0000000834465012644614
18760 -0.00000016675160452450655
18780 -0.0000000417232506322307
18800 0.0000000417232506322307
18820 -0.0000006258482585508318
18840 0.000001043081283569336
18860 -0.000007218121936602984
18880 0.0000005006791639061703
18900 -0.0000000417232506322307
18920 -0.0000004172323428974778
18940 0.0000005424027449407731
18960 -0.00000008344649415903405
18980 0.00012913657701574266
19000 0.0000043809909584524576
19020 -0.0000007927411616037716
19040 0.0000000417232506322307
19060 -0.0000001668929883180681
19080 -0.0000008344642310476047
19100 0.0000000000002106404921363783
19120 -0.00000029206267981862766
19140 -0.0000000417232506322307
19160 0.0000002920627935054654
19180 0.0000008344655952896574
19200 -0.00000504849504068261
19220 -0.0000000417232506322307
19240 -0.000008010799319890793
19260 0.00000004172327905394013
19280 -0.00000004172299838955951
19300 0.0000028371819098538253
19320 0.0000000000000017408297364935633
19340 -0.00000008344649415903405
19360 -0.00000037550910292338813
19380 0.0000009179116204904858
19400 -0.0000005006787660022383
19420 0.00000020861631355728605
19440 -0.000001794039576452633
19460 -0.000009721410606289282
19480 -0.00000004172268575075577
19500 0.0000005006792207495891
19520 -0.00000008344649415903405
19540 -0.00013497205509338528
19560 -0.000000000000000000009079130364414197
19580 -0.0000010430802603877964
19600 0.0000000417232506322307
19620 -0.0000001251697341331237
19640 -0.0000001251697341331237
19660 0.0000015437602769452496
19680 0.00000029206296403572196
19700 0.0000000417232506322307
19720 -0.0000030457970296993153
19740 -0.0000000004957929067295197
19760 0.00000817783711681841
19780 0.00000012516974834397843
19800 -0.0000001251697341331237
19820 -0.0000034212935133837163
19840 0.00000012516976255483314
19860 -0.000006717396445310442
19880 -0.000000000000000000000000000000000030725358901690296
19900 -0.000001627204255782999
19920 0.00000008344664337300856
19940 -0.00000008344649415903405
19960 0.0000000834465012644614
19980 0.00000225308349399711
20000 -0.0000001668924340947342
20020 0.0000000000000017408298423726818
20040 -0.0000000417232506322307
20060 14.7557954788208
20080 -0.00000008344649415903405
20100 0.00000008344650836988876
20120 0.00000004172325773765806
20140 -0.000019442681150394492
20160 0.0000013768684539172682
20180 -0.0000007927412752906093
20200 0.00000004172325773765806
20220 -0.00000045895549760643917
20240 0.00000033378611874468334
20260 0.0000013768682265435928
20280 -0.00000008344649415903405
20300 0.0000063419352045457345
20320 0.0000002503395535313757
20340 -0.0000000417232506322307
20360 -0.000000125169719922269
20380 0.00000008344650836988876
20400 0.00000033378611874468334
20420 -0.0000027120076993014663
20440 0.00000008344650836988876
20460 -0.0000000417232506322307
20480 -0.000009429383680981118
20500 -0.000004506092409428675
20520 0.0000002920627935054654
20540 -0.0000000417232506322307
20560 0.00000029206285034888424
20580 0.0000000834465012644614
20600 -0.0000001251697341331237
20620 0.0000013351440202313825
20640 -0.0000000417232506322307
20660 -0.0000005006787660022383
20680 0.0000000417232506322307
20700 0.0000007092955343068752
20720 -0.00000008344648705360669
20740 -0.0000011682510603350238
20760 -0.000004214030468574492
20780 -0.0000000834465012644614
20800 -0.000017481794202467427
20820 -0.000009553252311889082
20840 0.00000004172329326479485
20860 0.000000000000006963319369490727
20880 0.00000004172325773765806
20900 -0.0000009596338941264548
20920 0.00000041723265553628153
20940 0.0000000000000017408298423726818
20960 0.000001460320049773145
20980 -0.000005590918590314686
21000 -0.00000008344649415903405
21020 -0.000000000000000000009079132787794898
21040 -0.00000020861622829215776
21060 0.00000004172325773765806
21080 -0.00000008344649415903405
21100 0.00000000000014100725524279073
21120 0.0000000834465012644614
21140 -0.0000000000000000000000726330741163401
21160 0.00000008344671442728213
21180 -0.00000016689297410721338
21200 -0.0000002086161714487389
21220 -0.00000008344649415903405
21240 -0.000000250339439844538
21260 -0.0000000417232506322307
21280 0.00000012516974834397843
21300 0.000000000000006963318945974253
21320 -0.000000125169719922269
21340 0.00000004172325773765806
21360 0.00000004172326484308542
21380 -0.0000000417232506322307
21400 0.0000000000000017408298423726818
21420 0.0000022947920115257148
21440 0.00000012516977676568786
21460 -0.0000001251697341331237
21480 0.0000002503395535313757
21500 -0.0000004172323428974778
21520 0.00000012516974834397843
21540 0.0000037968341075611534
21560 0.0000000000000017408298423726818
21580 -0.0000001251697341331237
21600 -0.0000001251697341331237
21620 -0.0000020444331312319264
21640 0.00000004172325773765806
21660 -0.0000000417232506322307
21680 -0.0000013768650433121365
21700 0.0000003337860050578456
21720 -0.00000029206265139691823
21740 0.00000004172326484308542
21760 0.00000008344777313595841
21780 -0.00000020861621408130304
21800 -0.0000008761809340285254
21820 0.0000004172325418494438
21840 0.00000004172331458107692
21860 -0.0000008761880962993018
21880 -0.00000008344649415903405
21900 -0.00000008344649415903405
21920 -0.000016355179468519054
21940 0.0000033378628359059803
21960 0.00000008344650836988876
21980 0.00000004172327905394013
22000 0.000008636746315460186
22020 0.0000006675726922367176
22040 0.00000008344651547531612
22060 -0.0000002920627366620465
22080 0.00000012516976255483314
22100 -0.0000001251697341331237
22120 -0.00000037550913134509756
22140 0.0000025451201963733183
22160 0.0000007510250270570396
22180 0.000007468569947377546
22200 0.000001001359009933367
22220 0.0000025033957626874326
22240 -0.0000008333591949849506
22260 -0.0000000417232506322307
22280 0.00000012516974834397843
22300 0.00000008344651547531612
22320 0.0000000417232506322307
22340 0.0000007092953069331998
22360 0.00000016689301673977752
22380 0.0000002503395251096663
22400 0.000001919270061989664
22420 -0.00000008344643731561519
22440 0.0000032126979476743145
22460 -0.00000016689297410721338
22480 -0.0000020861571101704612
22500 -0.0000010013570772571256
22520 -0.00000012516974834397843
22540 0.00000000045476819532375146
22560 -0.00000025033941142282856
22580 0.00000012516977676568786
22600 -0.000000041722621801909554
22620 -0.0000005841253027938365
22640 -0.00002941435195680242
22660 -0.0000011682495824061334
22680 -0.0000005424020628197468
22700 0.0000007092952500897809
22720 -0.000002044435404968681
22740 -0.0000014603122053813422
22760 -0.00000659222587273689
22780 0.00000045895632183601265
22800 0.0000004589559239320806
22820 -0.000009888353815767914
22840 -0.00000008344460411535692
22860 -0.00000020861619987044833
22880 0.0000004172325418494438
22900 0.00000016689304516148695
22920 -0.00000016689297410721338
22940 0.0000002086162709247219
22960 0.000027704521926352754
22980 0.0000000000001410072959003722
23000 0.0000012099761761419359
23020 0.0000001668930025289228
23040 -0.000000125169719922269
23060 0.00000054240240388026
23080 0.000009596434210834559
23100 -0.0000002920627082403371
23120 0.0000002920627935054654
23140 -0.0000008761878120822075
23160 0.00000025034162831616413
23180 -0.00000033378586294929846
23200 -0.0000005006787660022383
23220 0.000020569743355736136
23240 -0.0000015854814137128415
23260 -0.0000000417232506322307
23280 -0.0000000000000000000000000000000000040461377948009245
23300 0.0000000000000017408298423726818
23320 0.0000000417232506322307
23340 -0.00000012516974834397843
23360 0.00000008344652968617083
23380 -0.0000001251697341331237
23400 0.0000000417232506322307
23420 0.000000792742639532662
23440 0.0000000834465012644614
23460 0.00000041723285448824754
23480 -0.0000009596336667527794
23500 -0.000000000000000000000000000000000004046138153533331
23520 0.0000011265298098805943
23540 -0.00000016689297410721338
23560 -0.0000000417232506322307
23580 0.00000033378603347955504
23600 -0.0000001668929883180681
23620 3.841583013534546
23640 0.0000012099742434656946
23660 0.0000017941030137080816
23680 -0.0000008344649700120499
23700 -0.00000033378586294929846
23720 0.00000000000011141313701690594
23740 0.0000025868416742014233
23760 0.00000008344651547531612
23780 -0.0000008344645721081179
23800 0.0000005006789933759137
23820 -0.0000001251697341331237
23840 -0.0000005006787660022383
23860 -0.000005757808594353264
23880 0.0000005424025175670977
23900 0.00000025033966721821344
23920 -0.00000016689297410721338
23940 -0.0000002503371092643647
23960 0.00000004172329326479485
23980 -0.00000004172314049810666
24000 -0.00000008344565571860585
24020 -0.00000008344412094629661
24040 0.0000002503404061826586
24060 0.0000000417232506322307
24080 -0.000002127852212652215
24100 0.0000002086162567138672
24120 0.000003796875489570084
24140 0.0000003337890746024641
24160 0.00000004172409262537258
24180 0.00001823339334805496
24200 0.000000041723502874901897
24220 -0.000000250339439844538
24240 -0.00000033378566399733245
24260 -0.0000006258483722376695
24280 -0.0000011265263992754626
24300 -0.00000025033941142282856
24320 -0.00000037550921661022585
24340 -0.0000003337858913710079
24360 0.000000000000006963319369490727
24380 -0.000002411907189525664
24400 -0.0000006675716122117592
24420 -0.000006425348601624137
24440 0.0000001668930025289228
24460 0.0000016272184666377143
24480 0.00013542264059651643
24500 -0.00000029206267981862766
24520 -0.00000045895555444985803
24540 -0.000011098380127805285
24560 0.0000005006789933759137
24580 0.000007176420240284642
24600 -0.00003926044882973656
24620 -0.0000012099727655368042
24640 0.00009580908226780593
24660 -0.0000004172323428974778
24680 0.0000016689303947714507
24700 0.000003129246579192113
24720 -0.0000009179108815260406
24740 0.0000003337860619012645
24760 0.000002002720066229813
24780 -0.0000009179111657431349
24800 -0.0000015854793673497625
24820 -0.0000003337858913710079
24840 0.00000025033958195308514
24860 0.00000175237687471963
24880 0.0000025868423563224496
24900 -0.000004172306489635957
24920 -0.0000009596341215001303
24940 0.00000012516976255483314
24960 0.00009421315917279571
24980 0.0000005841255301675119
25000 -0.00000008344649415903405
25020 -0.00001948445242305752
25040 0.0000030457972570729908
25060 0.000026328047169954516
25080 0.00000054240240388026
25100 0.000026870324290939607
25120 -0.0000010013568498834502
25140 0.000001919500391522888
25160 -0.000008845284355629701
25180 0.000010597774235066026
25200 -0.0000005424021196631656
25220 -0.0000006258483722376695
25240 -0.00000045895174594079435
25260 0.0000002503395535313757
25280 -0.000058534747950034216
25300 0.000002878912027881597
25320 0.00000025033949668795685
25340 0.000002294779733347241
25360 -5.35439395904541
25380 -0.0000318749516736716
25400 0.000001710653350528446
25420 0.00013240028056316078
25440 -0.00003195916724507697
25460 0.0000028272042982280254
25480 0.000002712074774535722
25500 0.0000008761883805163961
25520 -0.00000204443495022133
25540 0.000002127890184056014
25560 -0.0000016272040284093237
25580 0.0000035464959182718303
25600 -0.000012475084986363072
25620 -0.0002016080979956314
25640 0.000000000005266021126104636
25660 0.00007320233271457255
25680 -0.000004380922291602474
25700 0.00013464668882079422
25720 0.000007927423212095164
25740 0.00002040276740444824
25760 0.0012928326614201069
25780 0.0000021696093881473644
25800 -0.000036882003769278526
25820 0.000005131978014105698
25840 0.00001468696882511722
25860 0.0000014603144791180966
25880 0.00000037551933473878307
25900 -0.000006049721832823707
25920 -0.000005006762876291759
25940 0.000002419951897536521
25960 0.0005622370517812669
25980 0.00004543663453659974
26000 -0.0000008761874710216944
26020 -0.0001420038315700367
26040 -0.000008302507922053337
26060 -0.000011014410119969398
26080 0.0000023365025754173985
26100 -0.00003337787347845733
26120 -0.0000014603114095734782
26140 0.0000003755094439839013
26160 -0.0000021278767690091627
26180 -0.0000022113267732493114
26200 0.00000054240240388026
26220 0.00000004172325773765806
26240 0.0000020861664324911544
26260 0.0000032127211397892097
26280 -0.0000007092947384990111
26300 -0.0000015020352748251753
26320 -0.00013058526383247226
26340 0.000018358368834014982
26360 0.00013757294800598174
26380 -0.000003588188974390505
26400 -0.000001251696403414826
26420 0.0000004589558102452429
26440 0.00000400543194700731
26460 -0.000028496178856585175
26480 0.000002586842128948774
26500 0.000003004086693181307
26520 0.00000008344651547531612
26540 -5.3749308586120605
26560 0.00006884615868330002
26580 0.0000039637088775634766
26600 0.00007311880472116172
26620 -0.00000008344648705360669
26640 0.0000006675721806459478
26660 0.0000007927417868813791
26680 0.000002837191004800843
26700 -0.000000375509159766807
26720 0.00013323189341463149
26740 0.000001043081283569336
26760 -0.0000001668930025289228
26780 -0.0000024199430299631786
26800 -0.000000792740991073515
26820 -0.0000000000000000000019610929632758592
26840 -0.0000016272045968435123
26860 -0.00000237821973314567
26880 0.0000015854838011364336
26900 -0.00001322610660281498
26920 -0.0000001251697341331237
26940 -0.0000012934199276060099
26960 0.0000000611368093927922
26980 0.0000003337860903229739
27000 0.0000000417232506322307
27020 0.0000002920627935054654
27040 0.00000033378603347955504
27060 -0.0000006675718395854346
27080 0.00000045895575340182404
27100 -0.0014207244385033846
27120 -0.0000010430799193272833
27140 0.00000012516974834397843
27160 0.0000000417232506322307
27180 -0.0000010848034435184672
27200 -0.000000000000000000009079132787794898
27220 0.00000020861659777438035
27240 -0.000013952740118838847
27260 -0.0000001668929883180681
27280 0.00001055600841937121
27300 -0.00000000000000000007262948216127048
27320 0.00000025034128725565097
27340 0.000007051523880363675
27360 -0.00000016689291726379452
27380 -0.00000025033941142282856
27400 0.000002211332230217522
27420 -0.000018482980522094294
27440 0.0000008761891763242602
27460 -0.0000012934191317981458
27480 0.0000016689306221451261
27500 -0.0000004172323428974778
27520 0.000000625889015282155
27540 0.0000020861630218860228
27560 0.00000004172327905394013
27580 -0.00000638363371763262
27600 0.00000000023066888676925856
27620 0.00002486723315087147
27640 0.00000471474368168856
27660 0.000014895324056851678
27680 -0.0000052988016250310466
27700 0.000017941611076821573
27720 -0.000011014829397026915
27740 -0.0000012934201549796853
27760 -0.00003158195977448486
27780 0.0000032544148780289106
27800 -0.0000004172323713191872
27820 0.00000012516996150679915
27840 -0.0000005006787091588194
27860 0.0000006675721806459478
27880 0.000016814532500575297
27900 0.00000025033949668795685
27920 -0.00012377716484479606
27940 0.0000023365103061223635
27960 0.000016772783055785112
27980 0.00001794123454601504
28000 -0.000003504741471260786
28020 -0.0000005841251322635799
28040 0.000005549203706323169
28060 0.000051362108933972195
28080 -0.00002862166365957819
28100 0.000015813153368071653
28120 -0.0000002505125564766786
28140 -0.000012266468729649205
28160 -0.000022704029106535017
28180 -0.0000005424018922894902
28200 -0.0000037550792058027582
28220 -0.000004422568963491358
28240 0.000003880265012412565
28260 -0.000011223540241189767
28280 0.000007718802407907788
28300 -0.0000023364959815808106
28320 0.0000028372880933602573
28340 -0.00000258683735410159
28360 0.0000007510200248361798
28380 0.0000022947815523366444
28400 0.0000004589578850300313
28420 0.000035300730814924464
28440 -0.000001960988356586313
28460 -0.000007092905434546992
28480 -0.000007718744200246874
28500 0.000001293421519221738
28520 -0.00000004172290957171754
28540 0.00000008344734681031696
28560 0.0000015854847106311354
28580 -0.00034821988083422184
28600 0.000006133328042778885
28620 0.0000000000000017408298423726818
28640 -0.0000027954570214205887
28660 0.000007051267402857775
28680 0.0000009179116204904858
28700 -0.0000010848021929632523
28720 0.0000026285658805136336
28740 -0.00000004172224876697328
28760 0.00003145941809634678
28780 0.0000011682517424560501
28800 -0.0000005424019491329091
28820 0.0000012516983360910672
28840 0.000039471120544476435
28860 0.0000036299250041338382
28880 0.00026809476548805833
28900 -0.000004631267074728385
28920 -0.0000612039802945219
28940 -0.000005090208105684724
28960 -0.000007134633051464334
28980 -0.00004009493932244368
29000 -0.000010806281352415681
29020 -0.000011682363037834875
29040 -0.000018691711375140585
29060 0.0000006675730332972307
29080 -0.011674251407384872
29100 0.000028079788535251282
29120 0.00002086201675410848
29140 0.000176948873559013
29160 -0.00018835303490050137
29180 0.000001460313910683908
29200 0.0000021278858639561804
29220 0.00003054493208765052
29240 -0.00000016689297410721338
29260 -0.0000011265263992754626
29280 0.00003713411570060998
29300 -0.00000004172316536710241
29320 -0.0000005841311576659791
29340 -0.000001251696403414826
29360 0.000014269762687035836
29380 0.000000000000015667468475475017
29400 -0.0000012516957212937996
29420 -0.0000013768647022516234
29440 0.0000015855054016356007
29460 0.000013977364687889349
29480 -0.001463690772652626
29500 0.00018819318211171776
29520 -0.0000005006787660022383
29540 0.0000017941023315870552
29560 -0.0000006675718395854346
29580 -0.000002002714609261602
29600 0.0000004172325418494438
29620 -0.000000751017921629682
29640 0.00000012516979097654257
29660 -0.0000020027143818879267
29680 0.0000010848045803868445
29700 0.000006508837941510137
29720 0.000000751018717437546
29740 0.00000108480480776052
29760 0.0000001668930025289228
29780 -0.00009933323599398136
29800 -0.00001527046515548136
29820 -0.0000003337858913710079
29840 0.0000024616717837488977
29860 -0.00000016689297410721338
29880 -0.00000020858546179169934
29900 -0.00000029206265139691823
29920 -0.0000007927229717097362
29940 -0.0000003337858913710079
29960 0.0000007093042881933798
29980 0.0000007510186605941271
30000 0.0000018775658645608928
30020 -0.000000250339439844538
30040 0.0000005841300776410208
30060 -0.0000000000000000000000726330741163401
30080 0.0000017941043779501342
30100 0.00000041723259869286267
30120 0.00000934608033276163
30140 0.0002602899621706456
30160 -0.0000033378512398485327
30180 -0.00011827267735498026
30200 0.0000025451183773839148
30220 0.0004888838157057762
30240 -0.0000007927411616037716
30260 -0.000004672982413467253
30280 -0.000014811536857450847
30300 -0.0000005006787660022383
30320 -0.000008261446055257693
30340 -0.0000004172322576323495
30360 0.000009304303603130393
30380 -0.0000007092947384990111
30400 -0.0000007092946816555923
30420 0.000001710653805275797
30440 -0.000000250339439844538
30460 0.0000045478368519979995
30480 -0.000006008106083754683
30500 -0.000001543758457955846
30520 0.0000025868448574328795
30540 0.0000032544185160077177
30560 -0.00006295792991295457
30580 -0.0000022947733668843284
30600 0.000000709296841705509
30620 -0.00000037550913134509756
30640 -0.0001420467597199604
30660 0.0000012099761761419359
30680 -0.000004005412847618572
30700 0.000004339230144978501
30720 -0.00025388915673829615
30740 0.000033545500627951697
30760 0.00001931814222189132
30780 -0.00000037550913134509756
30800 -0.0000015020348200778244
30820 0.0000010013583278123406
30840 0.0000002920627935054654
30860 0.00000020861631355728605
30880 0.000000709296841705509
30900 0.0000017941013084055157
30920 -0.0000007092947384990111
30940 -0.0002931844210252166
30960 -0.000001126526626649138
30980 0.0000061333339544944465
31000 0.0000001251698051873973
31020 -0.0001425023510819301
31040 -0.000012544370292744134
31060 -0.00000041721679622241936
31080 -0.000008970388080342673
31100 0.000049275295168627053
31120 -0.00000041723134813764773
31140 0.00013227616727817804
31160 -0.000002253055299661355
31180 -0.000002461664735164959
31200 -0.0000007092949658726866
31220 0.0000007927418437247979
31240 -0.00000037550921661022585
31260 -0.00000029206267981862766
31280 0.0000035047687561018392
31300 0.000000000000294200373698178
31320 0.0000008761884942032339
31340 0.000003045810217372491
31360 0.000023991058696992695
31380 -0.0000111816971184453
31400 -0.000001502034592704149
31420 -0.0000037550187244050903
31440 -0.000001794095510376792
31460 -0.00000020861621408130304
31480 -0.0000012516958349806373
31500 0.00000012516974834397843
31520 -0.000000000000000000009079134403382032
31540 0.0000000417232506322307
31560 -0.0000020444372239580844
31580 0.0000000834465012644614
31600 0.0000002503395251096663
31620 0.0000012934228834637906
31640 -0.0000001251697341331237
31660 0.00000016689304516148695
31680 -0.0000000417232506322307
31700 -0.0000006258483153942507
31720 0.0000016689303947714507
31740 0.0000000417232506322307
31760 -0.00011706709483405575
31780 0.00000004172327905394013
31800 -0.000004172308308625361
31820 -0.000011598864148254506
31840 -0.0000001668929883180681
31860 -0.000005314733698469354
31880 0.000010390522220404819
31900 0
31920 -0.0000000000000000000046485159356521994
31940 -0.0000010013559403887484
31960 0.00000016692780491212034
31980 -0.0000015437578895216575
32000 -0.00000008344649415903405
32020 0.00000016689301673977752
32040 0.0000004172326271145721
32060 -0.00000016689294568550395
32080 -0.0000000417232506322307
32100 -0.000006133280749054393
32120 -0.0000008761873573348566
32140 0.000005632639386021765
32160 -0.00023013232566881925
32180 0.0000006258488269850204
32200 -0.0000001251697341331237
32220 -0.0000000000000000000005810645424436229
32240 0.000022488880858873017
32260 0.00004869305485044606
32280 -0.000000250339439844538
32300 0.000001293421064474387
32320 -0.0000002503394682662474
32340 0.00000045895586708866176
32360 -0.0000002920197914590972
32380 -0.0000001251697341331237
32400 0.000016272269931505434
32420 -0.000007217993697850034
32440 0.000008428100954915863
32460 -0.0000010848036708921427
32480 0.00000488162959300098
32500 0.000000000000027853280866094697
32520 0.00000004172364143073537
32540 -0.0000036716292015626095
32560 -0.0000000000000000006726547438280552
32580 -0.0000016689268704794813
32600 0.0000000000002106404921363783
32620 -0.00009945853526005521
32640 0.000001168251401395537
32660 0.0000003337860619012645
32680 0.000000667572123802529
32700 -0.0000006258497933231411
32720 0.00000012516976255483314
32740 0.0000035882153497368563
32760 0.00000004172387946255185
32780 -0.00000020861621408130304
32800 0.000026077646907651797
32820 -0.00000016689297410721338
32840 -0.000004631263891496928
32860 -0.000014936709703761153
32880 0.000022196769350557588
32900 0.0000000834465012644614
32920 -0.000000959634235186968
32940 0.00000000025803853498373996
32960 0.00000120997447083937
32980 0.0000007092954774634563
33000 0.00000025033966721821344
33020 -0.00000020860956340129633
33040 0.0000002086162567138672
33060 -0.00000025033941142282856
33080 0.0000000417232506322307
33100 0.0005252150003798306
33120 0.0000023365034849121002
33140 -0.0000006258485427679261
33160 -0.0008943766006268561
33180 -0.0000006258484290810884
33200 28.923046112060547
33220 -0.00000008344649415903405
33240 -0.0000023782188236509683
33260 0.00000004172327905394013
33280 -0.0000001251697341331237
33300 0.0005371358129195869
33320 0.0000005424025175670977
33340 -0.00000016689297410721338
33360 -0.00000008344649415903405
33380 -0.00002686909465410281
33400 -0.00000029206267981862766
33420 0.0000005006791070627514
33440 0.0000005424025175670977
33460 0.0000002920628219271748
33480 0.0000003337861755881022
33500 0.00000020861631355728605
33520 0.000002253058937640162
33540 0.00000004172327905394013
33560 -0.00000016689297410721338
33580 0.0000007510186605941271
33600 0.000000041723392740777854
33620 0.0000006258492248889524
33640 -0.00001196642369905021
33660 0.00000012516996150679915
33680 -0.000003337848738738103
33700 -0.000001251695948667475
33720 -0.000001418588340129645
33740 -0.0011068208841606975
33760 0.0000005006789933759137
33780 -0.0000004172323428974778
33800 -0.000002294775185873732
33820 0.0000027954890811088262
33840 -0.00009091158426599577
33860 -0.000000250339439844538
33880 0.0000015437628917425172
33900 0.0000002503395251096663
33920 0.000000041723392740777854
33940 0.00001322636853728909
33960 -0.0000007927411616037716
33980 -0.0000005841251891069987
34000 0.0002477206289768219
34020 -0.0000013768590179097373
34040 -0.0000007927408773866773
34060 -0.000003296124759799568
34080 14.757397651672363
34100 -0.00000016689295989635866
34120 0.0000003337860903229739
34140 0.000000000000001740831748196813
34160 0.0000018775463104248047
34180 0.0000065088606788776815
34200 -0.0005016089417040348
34220 -0.00027479781419970095
34240 0.00001656426138652023
34260 0.0000015020373211882543
34280 -0.0000034346735446888488
34300 0.0000002086162567138672
34320 -0.00000012516974834397843
34340 -0.00000016688072435044887
34360 -0.000012224718375364318
34380 0.000003463048642515787
34400 0.0000021279049633449176
34420 0.0000000834465012644614
34440 0.0000013768675444225664
34460 0.00008678634185343981
34480 -0.0000000834465012644614
34500 -0.0000007927417868813791
34520 0.0000005424055302682973
34540 0.000002503402583897696
34560 0.0000002920628219271748
34580 -0.000001417123485225602
34600 0.00000054240240388026
34620 -0.00000045895549760643917
34640 0.0000008344657089764951
34660 -0.00000008344649415903405
34680 0.00000016689340043285483
34700 0.0000033795911349443486
34720 -0.0000065839644776133355
34740 -0.000007927360456960741
34760 0.0000644624451524578
34780 -0.00000045895555444985803
34800 -0.000006550414127559634
34820 -0.00001789900125004351
34840 0.000009262561434297822
34860 -0.0000001668929883180681
34880 0.00000025033983774847
34900 -0.0000018358199440626777
34920 -0.0000011265265129623003
34940 -0.0000000417232506322307
34960 0.000005424025857792003
34980 0.000003087521463385201
35000 -0.00000008344649415903405
35020 -0.00000008344649415903405
35040 -0.00000008344649415903405
35060 0.00000000000000005945759022907892
35080 -0.000000041723236421375987
35100 0.0000005424022901934222
35120 -0.0000000000000000000019610927613274675
35140 -0.0000000417232506322307
35160 0.0000016689307358319638
35180 0.000026244972104905173
35200 -0.0000007092950795595243
35220 -0.0000000417232506322307
35240 -0.000000000000000003114138550866668
35260 0.000000000000000000000000007276204159609798
35280 0.000006258491339394823
35300 0.0000004172325418494438
35320 -0.0000006675343797724054
35340 -0.000006175009730213787
35360 0.0000007092954206200375
35380 0.000000013795827591422949
35400 -0.0000009596338941264548
35420 -0.000002127882680724724
35440 -0.00000008344649415903405
35460 -0.00000016689297410721338
35480 -0.00007559713412774727
35500 -0.000009471125849813689
35520 0.00001122372123063542
35540 -0.000007801599167578388
35560 0.0000038802663766546175
35580 0.00001719057581794914
35600 -0.00000020861622829215776
35620 0.0000004172325418494438
35640 -0.0000001251697341331237
35660 0.00000012516974834397843
35680 0.00000008344650836988876
35700 0.00000041723268395799096
35720 0.0000000417232506322307
35740 0.0000007927488923087367
35760 -0.000001752373577801336
35780 0.00000016689301673977752
35800 -0.0000009596338941264548
35820 0.0000006675724648630421
35840 0.00000041723265553628153
35860 -0.0000011682495824061334
35880 -0.00000020861619987044833
35900 -0.00000008344638757762368
35920 0.0000035048828976869117
35940 -0.0000008761874141782755
35960 0.00000012516974834397843
35980 -0.00000012516970571141428
36000 -0.00000020861386929027503
36020 0.0000007927417868813791
36040 -0.0000004339370605066506
36060 0.00000029206444196461234
36080 0.00000008344650836988876
36100 -0.0000007927411047603528
36120 0.000006175074759084964
36140 -0.00000025033941142282856
36160 0.00000008344652968617083
36180 0.00000000000006267006363728025
36200 -0.0000009179108815260406
36220 0.0000006258492817323713
36240 0.0000008345367632500711
36260 -0.0000030457883894996485
36280 0.0000012099797004339052
36300 -0.00000012521340408966353
36320 -0.000001084803557205305
36340 0.00000041723686194927723
36360 0.0000003755095292490296
36380 -0.11617540568113327
36400 -0.000010138644029211719
36420 0.0000030457997581834206
36440 -0.0000008344647994817933
36460 -0.000007510128853027709
36480 0.000007134697170840809
36500 0.0000019609933588071726
36520 0.000004589562649925938
36540 -0.0000032544014629820595
36560 -0.0000013351415191209526
36580 0.000005048533239460085
36600 0.000002169609160773689
36620 0.000011640788216027431
36640 0.000004965070274920436
36660 0.0000007927420142550545
36680 -0.0000042140372897847556
36700 -0.0001222309365402907
36720 0.00000909569462237414
36740 -0.00010125241533387452
36760 -0.0000003337859197927173
36780 0.0000008344656521330762
36800 0.0000020027239315822953
36820 -0.000004965037533111172
36840 0.0000030457972570729908
36860 0.00027434679213911295
36880 0.0000017106569885072531
36900 -0.0000012516957212937996
36920 -0.00000045895555444985803
36940 0.00000029206285034888424
36960 -0.0000024199425752158277
36980 -0.0000017940814132089145
37000 0.0000000000006284400083655939
37020 0.00024282978847622871
37040 0.00000029206321983110684
37060 -0.0000008344643447344424
37080 0.000000834477589251037
37100 0.0000060082438722020015
37120 0.0000003337862892749399
37140 -0.000005590885393758072
37160 -0.00002194603075622581
37180 0.00008258051821030676
37200 -0.000041345996578456834
37220 -0.0000004172323428974778
37240 -0.000001293419018111308
37260 -0.000003212680667274981
37280 0.0010313749080523849
37300 0.00005244736166787334
37320 -0.0000016689270978531567
37340 0.0002886018774006516
37360 0.000000000000000000000000019883040360125342
37380 0.000042465013393666595
37400 -0.0000001668929883180681
37420 0.00003860447395709343
37440 -0.0003175608580932021
37460 0.000002920629412983544
37480 -0.000002044434040726628
37500 -0.000023569346012664028
37520 0.000000041732274524974855
37540 -0.000004923259893985232
37560 -0.00008614754187874496
37580 0.0000030040755518712103
37600 -0.000014352657672134228
37620 0.00002040266917902045
37640 -0.0000005424019491329091
37660 0.0000010848045803868445
37680 0.000005215424152993364
37700 0.05177822709083557
37720 -0.0000000834465012644614
37740 -0.00001147377315646736
37760 0.0001903867960209027
37780 -0.000011849196198454592
37800 -0.0000008344646289515367
37820 0.00000004172325773765806
37840 0.00001944310679391492
37860 -0.000003880224994645687
37880 0.0000012934212918480625
37900 0.0000005424128630693303
37920 -0.00000008344649415903405
37940 -0.00000025033941142282856
37960 0.0000012516982224042295
37980 -0.000007635288056917489
38000 -0.0000008344644015778613
38020 0.0000024616726932435995
38040 -0.0000037968009110045386
38060 -0.0000010430801467009587
38080 -0.0000002920626229752088
38100 0.0000007927419005682168
38120 -0.0000003337859197927173
38140 -0.0000001251697341331237
38160 -0.00001935924228746444
38180 -0.0000017940964198714937
38200 -0.0000041723023969097994
38220 -0.000016313510059262626
38240 -0.00000016689297410721338
38260 0.0000015039456684462493
38280 0.0000008761891194808413
38300 -0.0000003337859197927173
38320 -0.0000002503316807178635
38340 0.0000031292524909076747
38360 -0.00000025033941142282856
38380 0.000043685031414497644
38400 0.0000005841255301675119
38420 0.000019652203263831325
38440 -0.0000030875160064169904
38460 -0.000029539103707065806
38480 12.462749481201172
38500 -0.0000038385028346965555
38520 -0.000002169604158552829
38540 0.000010222304808849003
38560 -0.0000010012023494709865
38580 0.0000006066960054340598
38600 0.00000041723257027115324
38620 -0.0003184940724167973
38640 -0.0000006675434747194231
38660 -0.000018983644622494467
38680 0.000001960996087291278
38700 -0.0000005424021765065845
38720 -0.0000006258483153942507
38740 0.0000007092961595844827
38760 0.0000000417232506322307
38780 -0.0016051396960392594
38800 -0.000025659051971160807
38820 -0.00001159895327873528
38840 -0.000008218663424486294
38860 0.00001343492476735264
38880 0.00028357605333440006
38900 0.0000032126922633324284
38920 -0.0003580222837626934
38940 -0.000020730725736939348
38960 0.0000007510185469072894
38980 0.000007677098437852692
39000 -0.0000010848042393263313
39020 0.0000017106616496675997
39040 0.0000007510190016546403
39060 0.000006926068181201117
39080 -0.0000004172323713191872
39100 -0.00013178905646782368
39120 0.0008995290263555944
39140 0.00010131300950888544
39160 -0.00007872522837715223
39180 0.000004506202003540238
39200 0.0000005006789933759137
39220 0.0000012934214055349003
39240 -0.000051817736675729975
39260 -0.000015979772797436453
39280 -0.000008928691386245191
39300 0.000004255771727912361
39320 -0.00000225305007006682
39340 -0.00009442884038435295
39360 -0.0000015854815273996792
39380 0.000006175048838485964
39400 0.00007259919948410243
39420 -0.0000050067624215444084
39440 0.0000035047539768129354
39460 0.000005883076028112555
39480 0.0000000417232506322307
39500 -0.0000017106503946706653
39520 -0.000004713149792223703
39540 0.000004255771727912361
39560 0.000005924709512328263
39580 -0.0000011682496960929711
39600 -0.000000917910710995784
39620 -0.0000007092946816555923
39640 -0.0007754555554129183
39660 -0.00020927311561536044
39680 0.0000015020380033092806
39700 -0.000006550494617840741
39720 -0.0000004172323428974778
39740 0.00000045895575340182404
39760 -0.000001502034137956798
39780 -0.00000037550913134509756
39800 -0.000000751017921629682
39820 0.0000002920627935054654
39840 14.650832176208496
39860 0.000004881634140474489
39880 -0.000014310920960269868
39900 -0.000000250339439844538
39920 0.000005006802894058637
39940 0.000008594989594712388
39960 -0.000005422481081041042
39980 0.0000002086162709247219
40000 0.000000000000001737715619862983
40020 0.0000015437606180057628
40040 0.000000000025493548244659436
40060 0.0000007092960458976449
40080 -0.000006967752597120125
40100 0.000028497051971498877
40120 3.841592311859131
40140 -0.0000001251697341331237
40160 -0.0000005424020059763279
40180 -0.00000016689297410721338
40200 0.0000000417232506322307
40220 -0.000005257113116385881
40240 0.00000000000006266988067816365
40260 -0.0000025451120109210024
40280 -0.0000001668929883180681
40300 -0.000008010857527551707
40320 -0.0000005841251891069987
40340 -0.0000011682496960929711
40360 0.0000013351655070437118
40380 0.0000029206285034888424
40400 0.0000008344650268554688
40420 0.00000041723257027115324
40440 0.00023106270236894488
40460 -0.0000009179105973089463
40480 -0.0000013768653843726497
40500 -0.000008177695235644933
40520 -0.0005179521394893527
40540 0.0000003337947873660596
40560 -0.000000751017921629682
40580 0.0006629633135162294
40600 0.000008221207281167153
40620 0.00000254513906838838
40640 -0.00021482951706275344
40660 -0.0000055074228839657735
40680 0.000009930186934070662
40700 0.000000000000001740829630614445
40720 0.00003521471080603078
40740 -0.0000007510165573876293
40760 0.0000017523775568406563
40780 -0.0000013768661801805138
40800 0.0000000834465012644614
40820 -0.000012099570994905662
40840 0.0000018775463104248047
40860 0.00002086246240651235
40880 0.00000233652895076375
40900 0.00001773238182067871
40920 -0.0000030457913453574292
40940 -0.0000006675715553683403
40960 0.000015312445611925796
40980 -0.0000007927411616037716
41000 0.000010556088454904966
41020 -0.000010430760085000657
41040 -0.0000009111505505643436
41060 -0.0000019192657418898307
41080 -0.0000021267774172883946
41100 0.0000008761891763242602
41120 -0.0000033378476018697256
41140 -0.0000007927411616037716
41160 0.00000575781677980558
41180 -0.0027624897193163633
41200 -0.000014060494322620798
41220 -0.000002127881998603698
41240 -0.0000001251697341331237
41260 -0.00015199746121652424
41280 0.000004965069365425734
41300 -0.00013064405356999487
41320 -0.0000007092946816555923
41340 -0.0000037133552268642234
41360 -0.00013767232303507626
41380 -0.00002315636447747238
41400 -0.0000003755092734536447
41420 -0.0000007092946248121734
41440 0.0012520578457042575
41460 -0.000005799497557745781
41480 -0.0000005424022901934222
41500 0.0000014185905001795618
41520 -0.000001627204255782999
41540 0.0000038385551306419075
41560 -0.0000003755092734536447
41580 0.00000534057608092553
41600 0.000008136035830830224
41620 -0.0000002503394682662474
41640 -0.000002336496208954486
41660 -0.0000026702807645051507
41680 0.000001293482341679919
41700 -0.0000000417232506322307
41720 -0.0000006675716122117592
41740 -0.000001335142201241979
41760 -0.0000000417232506322307
41780 0.0000030040880574233597
41800 -0.00000041723231447576836
41820 -0.00006329018651740626
41840 -0.0000003337858913710079
41860 -0.000006341857442748733
41880 -0.0034568889532238245
41900 -0.0000000000000000000019610927613274675
41920 -0.000009387651516590267
41940 -0.000019108993001282215
41960 -0.0003899703442584723
41980 0.00000012516974834397843
42000 -0.000023782131393090822
42020 0.00000008344656521330762
42040 0.0000002920628219271748
42060 0.000005757822236773791
42080 0.0000005841258143846062
42100 -0.0000022530498426931445
42120 0.000009512918040854856
42140 0.0000000834465012644614
42160 -0.0000000000000000000000726330741163401
42180 0.0000007092954774634563
42200 0.0000003337868577091285
42220 -0.00000037550921661022585
42240 -0.00000037550910292338813
42260 0.0000030040757792448858
42280 0.000004422717211127747
42300 -0.00000008344649415903405
42320 -0.0000000000000000000000000000000003951306710854037
42340 -0.0000005841179699928034
42360 0.0000000000000017408297364935633
42380 0.0000041307271203550044
42400 0.000005173692898097215
42420 0.000008094310942396987
42440 -0.00000020861619987044833
42460 -0.0000002920569102116133
42480 -0.0000000000000000000005810645424436229
42500 0.0000000417232506322307
42520 -0.000005059681370767066
42540 -0.0000005005970251659164
42560 -0.00000300406509268214
42580 0.0000005424022901934222
42600 -0.0000042557526285236236
42620 0.00000025033949668795685
42640 0.0000005006789933759137
42660 -0.00000004172328971208117
42680 0.0000015854847106311354
42700 -0.00000020861621408130304
42720 -0.0000002503344092019688
42740 0.0000010430817383166868
42760 0.0000000000001410066182740144
42780 0.00000004172325773765806
42800 0.0000000417232506322307
42820 -0.0000015854790262892493
42840 0.00000004172325773765806
42860 0.0034724485594779253
42880 0.00000020861639882241434
42900 -0.0000002503340397197462
42920 0.00000004172327905394013
42940 -0.00001236945445270976
42960 -0.0000001251697341331237
42980 0.00000004172342471520096
43000 0.0000002503609550785768
43020 -0.0000001251697341331237
43040 -0.00000029206267981862766
43060 0.000002378225417487556
43080 0.0000000834465012644614
43100 0.00000004172327905394013
43120 0.000000000000043520745953437925
43140 0.000007385035587503808
43160 0.00000004172325773765806
43180 -0.00000016689297410721338
43200 -0.00000016689283199866622
43220 -0.0004975469782948494
43240 -0.0000000417232506322307
43260 -0.0000007510179784731008
43280 -0.0000006675465442640416
43300 0.00001618872738617938
43320 0.000000041723591692743867
43340 0.00000905418346519582
43360 0.0000002920631061442691
43380 0.0000003337860050578456
43400 -0.0000001251697341331237
43420 -0.0000192760144273052
43440 -0.00000008344649415903405
43460 -0.0000001251697341331237
43480 0.00000008344650836988876
43500 0.0000025886972707667155
43520 0.0000001668930877940511
43540 -0.0000002920627082403371
43560 0.00000016689340043285483
43580 0.00000037550938714048243
43600 0.0000001251707573146632
43620 -0.00000016689297410721338
43640 0.0000012934208371007117
43660 0.00000012516974834397843
43680 -0.00000008344649415903405
43700 0.0000005006789933759137
43720 0.0000006258500206968165
43740 0.00000012516977676568786
43760 0.0000003337860050578456
43780 -0.0000009596312793291872
43800 0.00000041723257027115324
43820 0.00000012516976255483314
43840 -0.0000007927411616037716
43860 -0.0000005841252459504176
43880 0.000034797190892277285
43900 -0.000000625848201707413
43920 0.00000513207123731263
43940 0.0000000417232506322307
43960 0.0000007927417868813791
43980 -0.0000000417232506322307
44000 0.0000000417232506322307
44020 -0.0000001251697341331237
44040 -0.000002419911879769643
44060 -0.000006967738499952247
44080 0.0000000417232506322307
44100 0.00000012516976255483314
44120 -0.00000008344649415903405
44140 -0.0000007510184332204517
44160 0.0000005424022901934222
44180 0.0000001668930025289228
44200 0.00008674507989780977
44220 0.0000002920628219271748
44240 0.0000037550962588284165
