0 -0.5753299593925476
20 0.825501561164856
40 -0.18334874510765076
60 -0.3849887549877167
80 0.4784907400608063
100 -0.2968241572380066
120 0.2567392587661743
140 0.2695012390613556
160 0.13151878118515015
180 -0.2219998687505722
200 0.11805810779333115
220 -0.08955779671669006
240 -0.1020379289984703
260 0.04912559688091278
280 -0.16283439099788666
300 0.07335767894983292
320 0.0354795940220356
340 -0.07574085146188736
360 0.08624426275491714
380 -0.04521803557872772
400 0.06331874430179596
420 0.039157427847385406
440 -0.23696862161159515
460 0.030660614371299744
480 -0.015076776966452599
500 0.04503560811281204
520 0.03090251423418522
540 0.025798887014389038
560 -0.018931148573756218
580 -0.020142942667007446
600 -0.008598851040005684
620 0.02876529097557068
640 0.0065972344018518925
660 -0.009355193935334682
680 -15.90156078338623
700 0.005773765500634909
720 0.008130996488034725
740 0.00261360383592546
760 -0.002522768685594201
780 -0.0026359392795711756
800 0.004655864089727402
820 -0.002893756842240691
840 0.3568935990333557
860 0.002873727586120367
880 0.00572693906724453
900 0.001912220730446279
920 -0.003900734940543771
940 -0.0033040782436728477
960 0.0022951371502131224
980 0.002216530730947852
1000 -0.007474428042769432
1020 -0.00255819340236485
1040 -0.0009125354117713869
1060 0.00778421713039279
1080 -0.0025898173917084932
1100 0.0023785873781889677
1120 0.005074938293546438
1140 0.0013120207004249096
1160 0.001242804923094809
1180 -0.0013638274976983666
1200 -0.004227778874337673
1220 0.03509075939655304
1240 -0.011355921626091003
1260 -0.0023863590322434902
1280 0.0016347705386579037
1300 0.01656937599182129
1320 0.0022641876712441444
1340 -0.012006168253719807
1360 0.0006060616578906775
1380 -0.00506824953481555
1400 0.0015886641340330243
1420 0.0020073929335922003
1440 -0.0007218155078589916
1460 -0.001414705184288323
1480 -0.004457887727767229
1500 0.0009069166844710708
1520 0.0017756707966327667
1540 -0.006130379159003496
1560 0.0017963137943297625
1580 0.0013357934076339006
1600 0.001692606252618134
1620 -0.007960486225783825
1640 -0.0019680308178067207
1660 -0.0008859816589392722
1680 -0.0009412311483174562
1700 -0.0063573457300662994
1720 -0.0029991643968969584
1740 -0.00863581895828247
1760 0.001818563905544579
1780 0.012613747268915176
1800 -0.0009628031402826309
1820 0.0006433271337300539
1840 -0.0002820539230015129
1860 -0.000308134505758062
1880 0.0019479079637676477
1900 0.0010210775071755052
1920 -0.00016236056399066
1940 -0.0003207519475836307
1960 0.0019536095205694437
1980 -0.0012482539750635624
2000 -0.0025471376720815897
2020 0.0015078114811331034
2040 -0.0014600708382204175
2060 -0.0012887590564787388
2080 0.00037826751940883696
2100 -0.001130470773205161
2120 -0.0008261774200946093
2140 0.0033414254430681467
2160 -0.0002298423642059788
2180 -0.0009564049541950226
2200 0.0014897558139637113
2220 -0.0009369082399643958
2240 -0.0004574788617901504
2260 -0.0029885154217481613
2280 0.001452011987566948
2300 0.0023049928713589907
2320 0.001145219779573381
2340 -0.002191763836890459
2360 0.00016137502097990364
2380 -0.0016028037061914802
2400 -0.0005527492612600327
2420 -0.0003090467071160674
