0 0.0046740127727389336
20 0.004297368228435516
40 -0.006414810661226511
60 0.007507911883294582
80 -0.008541801013052464
100 0.004678492899984121
120 0.004651923663914204
140 0.00111585040576756
160 0.004187304060906172
180 -0.0066424766555428505
200 0.004971175454556942
220 -0.006441150326281786
240 -0.003820789512246847
260 0.006888160016387701
280 0.005722333211451769
300 0.0044716764241456985
320 0.004267887212336063
340 -0.0053374506533145905
360 -0.005165415350347757
380 -0.005149092525243759
400 -0.006277079693973064
420 -0.006846824660897255
440 -0.008211513981223106
460 -0.006084046326577663
480 0.0019432543776929379
500 0.007160383276641369
520 -0.002897560130804777
540 0.005209523718804121
560 -0.0056077465415000916
580 -0.0077870795503258705
600 -0.005373128689825535
620 0.005016392562538385
640 0.005869892425835133
660 -0.0076078688725829124
680 0.002408785279840231
700 -0.00629806611686945
720 -0.004264911636710167
740 0.0045233904384076595
760 0.005320783704519272
780 0.003727555274963379
800 0.0034540339838713408
820 -0.009802129119634628
840 -0.006776433438062668
860 0.004133562557399273
880 0.005603684578090906
900 0.0032188398763537407
920 0.007496429607272148
940 0.004779897164553404
960 -0.004271470010280609
980 0.00530983367934823
1000 -0.007013875991106033
1020 -0.0051362416706979275
1040 -0.004643939435482025
1060 -0.0015796436928212643
1080 0.0036813607439398766
1100 0.005082861520349979
1120 -0.007434653118252754
1140 0.0025687478482723236
1160 0.0029767444357275963
1180 0.006100554019212723
1200 -0.0030452848877757788
1220 -0.00237158196978271
1240 -0.00427601020783186
1260 0.005023212172091007
1280 -0.002120230346918106
1300 0.003501391038298607
1320 0.007191519718617201
1340 -0.004941440187394619
1360 -0.0024367605801671743
1380 -0.003735207486897707
1400 0.0022684112191200256
1420 -0.0018581771291792393
1440 0.001910429447889328
1460 -0.004232706502079964
1480 0.0031267821323126554
1500 0.0029319175519049168
1520 -0.004116375930607319
1540 0.006848655641078949
1560 0.0017898743972182274
1580 0.001978915184736252
1600 -0.0037833387032151222
1620 -0.0014269216917455196
1640 0.0022710165940225124
1660 0.0019920961931347847
1680 -0.001928064040839672
1700 -0.0005540349520742893
1720 0.0012099994346499443
1740 0.0007097041234374046
1760 0.001418577041476965
1780 -0.0009791385382413864
1800 -0.002246007788926363
1820 -0.003870937507599592
1840 -0.0036688153631985188
1860 0.0022943669464439154
1880 -0.0024689887650310993
1900 0.003028442384675145
1920 -0.0016154088079929352
1940 0.0026308309752494097
1960 -0.001294078305363655
1980 0.005365312099456787
2000 0.006360467057675123
2020 -0.0025186161510646343
2040 -0.002849561395123601
2060 -0.0022452902048826218
2080 -0.0022330093197524548
2100 0.001473226584494114
2120 -0.0036266844253987074
2140 -0.0032591281924396753
2160 0.0032553100027143955
2180 -0.003210048656910658
2200 0.0011247857473790646
2220 -0.0022857175208628178
2240 0.002359751844778657
2260 0.002487566787749529
2280 -0.000046432483941316605
2300 0.0017739874310791492
2320 -0.0011038575321435928
2340 0.0011014817282557487
2360 -0.00020206673070788383
2380 -0.005295549985021353
2400 -0.005422369576990604
2420 -0.001921624643728137
2440 0.00308791920542717
2460 -0.002754132729023695
2480 -0.0032317277509719133
2500 0.004455656744539738
2520 -0.0015863673761487007
2540 0.00610383739694953
2560 0.001173520926386118
2580 0
2600 0.004763996694236994
2620 0.002287452109158039
2640 -0.009730642661452293
2660 -0.0010389559902250767
2680 0.001884157769382
2700 0.0022961623035371304
2720 -0.005576898343861103
2740 0.003428421448916197
2760 -0.00003452040255069733
2780 0.003598616924136877
2800 0.0028992965817451477
2820 0.0029088323935866356
2840 -0.005229470785707235
2860 -0.003940604627132416
2880 -0.005887048784643412
2900 -0.0020519960671663284
2920 0.00518679479137063
2940 -0.0062536499463021755
2960 0.0024074604734778404
2980 -0.0020520235411822796
3000 -0.002813959028571844
3020 -0.00434743519872427
3040 0.0016151750460267067
3060 -0.0032738475129008293
3080 0.002973929513245821
3100 -0.005457430612295866
3120 0.004534551408141851
3140 0.002091384492814541
3160 -0.005795453209429979
3180 0.003299995791167021
3200 -0.005253470968455076
3220 -0.003417341038584709
3240 -0.00677555613219738
3260 -0.004022670444101095
3280 -0.0033663222566246986
3300 -0.003727520816028118
3320 -0.003069413360208273
3340 -0.004586902447044849
3360 0.006890757475048304
3380 -0.008590947836637497
3400 -0.006101194303482771
3420 0.005775521509349346
3440 0.006288257893174887
3460 0.002006184309720993
3480 -0.005987358279526234
3500 -0.007101553492248058
3520 0.006068325135856867
3540 -0.009503243491053581
3560 0.003690575947985053
3580 0.0024520992301404476
3600 -0.008363480679690838
3620 -0.00843189936131239
3640 -0.008128189481794834
3660 0.0019307052716612816
3680 0.003088594414293766
3700 0.004143050871789455
3720 -0.006545540876686573
3740 0.008110925555229187
3760 -0.007830516435205936
3780 0.006733908783644438
3800 0.0022714855149388313
3820 0.00612006988376379
3840 -0.0059281643480062485
3860 0.00147731089964509
3880 -0.007261098362505436
3900 -0.0003812238574028015
3920 -0.0033153239637613297
3940 0.0075277285650372505
3960 0.004643943160772324
3980 -0.006231564562767744
4000 0.008852616883814335
4020 0.008083709515631199
4040 0.008474611677229404
4060 0.009305586107075214
4080 0.005455699283629656
4100 0.011150820180773735
4120 0.010123956948518753
4140 -0.008232178166508675
4160 0.007591421715915203
4180 0.00874241441488266
4200 -0.00810064747929573
4220 -0.006324608810245991
4240 0.007864551618695259
4260 -0.007620935793966055
4280 0.009320935234427452
4300 0.00809621810913086
4320 -0.010160048492252827
4340 0.007789340801537037
4360 0.00728665292263031
4380 -0.0060424357652664185
4400 -0.0018788650631904602
4420 0.009495832026004791
4440 -0.009321983903646469
4460 0.0067695132456719875
4480 -0.009203070774674416
4500 0.006370744667947292
4520 -0.005992456339299679
4540 -0.008171928115189075
4560 -0.007600101642310619
4580 -0.005412447731941938
4600 -0.00033989036455750465
4620 0.0031603239476680756
4640 -0.00739585654810071
4660 0.010120497085154057
4680 0.006966788787394762
4700 0.005028800573199987
4720 -0.006650954019278288
4740 0.007024075370281935
4760 -0.005564173683524132
4780 0.003995342645794153
4800 0.001729683019220829
4820 -0.008217879571020603
