0 0.5812910199165344
20 -0.1651662439107895
40 0.21088461577892303
60 0.5339866280555725
80 -0.08918773382902145
100 -0.09119383245706558
120 0.11278954893350601
140 0.09326675534248352
160 0.07887472212314606
180 0.04189931973814964
200 0.024449190124869347
220 0.030358493328094482
240 -0.037614163011312485
260 0.03577403724193573
280 0.05275154858827591
300 0.016692163422703743
320 0.021972423419356346
340 -0.034399211406707764
360 -0.013093127869069576
380 -0.008242135867476463
400 0.012878688052296638
420 0.0036333680618554354
440 -0.004352669231593609
460 0.016414031386375427
480 0.019252203404903412
500 0.014013156294822693
520 -0.010521107353270054
540 0.008727846667170525
560 0.00300002284348011
580 -0.006461211945861578
600 -0.002451122272759676
620 -0.006859508343040943
640 0.005257799755781889
660 0.003694407641887665
680 -0.00361066497862339
700 0.0011009082663804293
720 0.0016427933005616069
740 0.0034962473437190056
760 -0.03757092356681824
780 0.0016508952248841524
800 -0.00810233410447836
820 -0.0014823726378381252
840 -0.0015105134807527065
860 -0.010043476708233356
880 0.004437990952283144
900 -0.0026511778123676777
920 0.003513583680614829
940 -0.004711529705673456
960 -0.0038148080930113792
980 -0.0012869784841313958
1000 0.0027129927184432745
1020 0.011863339692354202
1040 -0.004396840464323759
1060 -0.0023706865031272173
1080 -0.00040035441634245217
1100 -0.0035250280052423477
1120 0.0024421829730272293
1140 -0.004609252326190472
1160 -0.0007949112332426012
1180 -0.0013360928278416395
1200 -0.0014576590619981289
1220 0.0008915695361793041
1240 -0.004162378143519163
1260 0.006713107693940401
1280 -0.0007870167028158903
1300 0.012654089368879795
1320 0.0008782317163422704
1340 -0.0015293809119611979
1360 -0.000411861517932266
1380 -0.000740594114176929
1400 0.0008211314561776817
1420 0.00034761434653773904
1440 -0.0008611840312369168
1460 0.0005545383901335299
1480 0.004365293774753809
1500 0.00031129701528698206
1520 -0.00010855785512831062
1540 0.0005240729660727084
1560 -0.003890015184879303
1580 -0.0016973617020994425
1600 -0.0008129511261358857
1620 0.0008277936140075326
1640 0.00010981312516378239
1660 0.00040425287443213165
1680 -0.0006330435862764716
1700 0.00030644136131741107
1720 -0.003989354241639376
1740 0.0010026204399764538
1760 -0.0005349942948669195
1780 0.002564209746196866
1800 -0.0009030426735989749
1820 0.0001179357641376555
1840 -0.0005682837800122797
1860 0.0005235184798948467
1880 -0.0011028838343918324
1900 0.0005834929179400206
1920 -0.003503062529489398
1940 -0.0002743969380389899
1960 0.00015294909826479852
1980 0.00011991033534286544
2000 0.0007111638551577926
2020 -0.0003297245712019503
2040 0.0004726897750515491
2060 -0.00020032237807754427
2080 0.0004089979629497975
2100 -0.00015223014634102583
2120 0.003979984205216169
2140 -0.0004973927279934287
2160 0.000166950179846026
2180 -0.00011296711454633623
2200 -0.000542233232408762
2220 -0.00004485034878598526
2240 0.0002615689008962363
2260 -0.00008787945262156427
2280 -0.00010039377957582474
2300 -0.00014541528071276844
2320 -0.0001753815304255113
2340 0.0011277522426098585
2360 -0.0010286321630701423
2380 -0.00015592989802826196
2400 -0.0003177880425937474
2420 0.00008943498687585816
2440 -0.0000707754006725736
2460 0.0003474916738923639
2480 0.00012228036939632148
