0 0.007360256829170684
100 -0.0004259689422938332
200 -0.000004657742552957532
300 0.0006053933883406826
400 0.0000073944020185363245
500 0.000004258204413926003
600 -0.00003075618665535925
700 -0.0000716846850451761
800 0.000007752689907225366
900 0.00005048205636913714
1000 0.0000012174716743940107
1100 0.0000020365837883377063
1200 -0.000007415616432998176
1300 -0.0000024290504558819516
1400 -0.000007811618836286063
1500 -0.00006293256050108131
1600 0.0000005173959971529242
1700 0.000010953709333802455
1800 -0.9799383747577666
1900 0.0000003111447454404829
2000 0.000000050678878992199863
2100 -0.0000013152936966347685
2200 -0.0000013883655686700335
2300 0.00000284626727363169
2400 -0.00002606662248070894
2500 -0.0000013129365394723408
2600 0.0000013848298329263917
2700 0.000024791400455835447
2800 0.00000004478598608613011
2900 -0.0000005032530541783568
3000 0.0000006211109122997519
3100 0.0000006399681695991751
3200 0.00000041250250342488263
3300 -0.00011756321347609155
3400 -0.0000015085805839538565
3500 -0.000021111878125285494
3600 -0.16454206748460523
3700 -0.00000016971531569480886
3800 -0.000000014142942974567404
3900 -0.000002112012817535399
4000 -0.00000006600040054798122
4100 0.000000021214414461851107
4200 -0.0000007389687704211468
4300 -0.000014489445077444306
4400 -0.48017486975193013
4500 -0.0000007083257273095842
4600 -0.000009013768989124292
4700 -0.000003948238247066734
4800 -0.0000017395819858717907
4900 0.000000007071471487283702
5000 0
5100 -0.00000007778618636012072
5200 0.0000004938244255286452
5300 0.0000000011785785812139504
5400 -0.000019895585029472696
5500 0.000018602684325880992
5600 -0.0000010913637662041181
5700 -0.00000030996616685926895
5800 -0.00000019446546590030182
5900 0.000000011785785812139504
6000 0.00000002946446453034876
6100 -0.0000000047143143248558015
6200 -0.0000021509059107154596
6300 -0.00000035475215294539904
6400 0
6500 -0.0000012976150179165593
6600 0.00000003300020027399061
6700 -0.0000001779653657633065
6800 0.0000001850368372505902
6900 -0.00000017325105143845072
7000 0
7100 -0.000000003535735743641851
7200 0
7300 0.0000005056102113407847
7400 -0.00003743637005367992
7500 -0.00013551296526798
7600 -0.0000000047143143248558015
7700 -0.0000012398646674370758
7800 -0.000000014142942974567404
7900 0.000000042428828923702214
8000 -0.0000000023571571624279007
8100 0
8200 0.0000000011785785812139504
8300 0.000000007071471487283702
8400 0.16806997996449466
8500 0.05764795158648429
8600 0.000000007071471487283702
8700 0.00000019446546590030182
8800 -0.0000000047143143248558015
8900 -0.000000016500100136995305
9000 -0.000000020035835880637155
9100 -0.0000000023571571624279007
9200 0.000000007071471487283702
9300 -0.0000003535735743641851
9400 -0.0000000011785785812139504
9500 -0.00000011432212237775319
9600 -0.000000005892892906069752
9700 0.0000000011785785812139504
9800 0.000000024750150205492957
9900 -0.000000007071471487283702
10000 -0.000000008250050068497652
10100 -0.000000028285885949134807
10200 0.4899974298477172
10300 0.00000006246466480433937
10400 0.00000006364324338555332
10500 0.000000009428628649711603
10600 -0.0000000023571571624279007
10700 -0.0000004879315326225754
10800 -0.000000005892892906069752
10900 0.000000005892892906069752
11000 0.000004521027437536714
11100 -0.0000000047143143248558015
11200 0
11300 0.0000000011785785812139504
11400 0.000000008250050068497652
11500 -0.0000000023571571624279007
11600 0.0000000023571571624279007
11700 -0.00000003771451459884641
11800 -0.000000024750150205492957
11900 -0.0000000047143143248558015
12000 -0.000000008250050068497652
12100 0.000000003535735743641851
12200 -0.00000004360740750491616
12300 0.0000000023571571624279007
12400 0.000000009428628649711603
12500 0.00000035003783862054324
12600 -0.0000000023571571624279007
12700 -0.0000006187537551373239
12800 0
12900 0.0000037384512596106504
13000 -0.00000006953613629162307
13100 -0.00000011550070095896714
13200 -0.0005880529616752818
13300 0.000000017678678718209257
13400 -0.008467654567682928
13500 -0.00000002946446453034876
13600 0.00000013200080109596244
13700 0.0000032882342415869216
13800 0.000001210400202906727
13900 0.00016507525182056954
14000 0.0000001402508511644601
14100 0.00000008132192210376258
14200 -0.00008486472931889172
14300 -0.0000017902608648639907
14400 -0.000003685415223456023
14500 0.00000404252453356385
14600 -0.00000006482182196676727
14700 0.0000003123233240216968
14800 0.0000001685367371135949
14900 -0.00017706728888442147
15000 -0.00000005892892906069752
15100 0.0000000047143143248558015
15200 -0.0000013977941973197452
15300 -0.0000014449373405683033
15400 -0.000000008250050068497652
15500 0
15600 0.00000026989449509799466
15700 0.000012489397225124232
15800 -0.0000002545729735422133
15900 -0.00002254267252287923
16000 -0.0000046848498603254526
16100 -0.0000006340752766931053
16200 -0.00000006128608622312542
16300 -0.0000000011785785812139504
16400 0.000002396050255607961
16500 0.0000002863945952349899
16600 0.00000006953613629162307
16700 0.0000000047143143248558015
16800 -0.00010178440343079918
16900 0.000016524850287200797
17000 -0.00002362932197475849
17100 -0.000021939240289297687
17200 0.00000009192912933468814
17300 0.000023971109763310537
17400 -0.000007321330146501059
17500 0.0000009617201222705836
17600 -0.0018744325899771284
17700 0.00000947812895012259
17800 0.000014261979411270013
17900 -0.0009023044402558446
18000 0.0000051574598713922465
18100 0.004424012741624087
18200 -0.000010193526148919457
18300 0.00015078145078760674
18400 -0.00006704815690668042
18500 -0.000004117953562761543
18600 0
18700 0
18800 -0.01737130070991433
18900 -0.000005433247259396311
19000 0.0000016099383419382562
19100 0.000003210448055226801
19200 -0.00000009900060082197183
19300 0.02859549382810539
19400 -0.0002660051857799886
19500 -0.00009453025226342731
19600 0.0001091363766204118
19700 0
19800 0
19900 0
20000 0
20100 -0.008724920593283215
20200 -0.01932288658955347
20300 0.00000004007167176127431
20400 0
20500 0.000000011785785812139504
20600 -0.000022666423273906694
20700 0
20800 0
20900 0.0012021595814668792
21000 0
21100 0
21200 0
21300 0.03622745485978552
21400 0
21500 0
21600 0
21700 0
21800 0
21900 0
22000 -0.000004693099910393951
22100 0
22200 -0.0000004537527537673709
22300 0.010494985335579523
22400 0
22500 0
22600 0
22700 -0.03732405622920455
22800 -0.00000012021501528382295
22900 0
23000 0
23100 0
23200 0
23300 0
23400 0
23500 0
23600 0
23700 0
23800 0
23900 0
24000 0
24100 0
24200 0
24300 0
24400 0
24500 0
24600 0
24700 0
24800 0
24900 0
25000 0
25100 0
