0 0.0009926631136310652
50 0.0011007122515103072
100 -0.005084946645604477
150 0.0006541187733345203
200 -0.005106237667674107
250 -0.000689218022061653
300 -0.0036181030649471506
350 0.0014114138514042536
400 -0.000667376603794596
450 0.00469858501511092
500 -0.0021068830542606653
550 0.004475863717015305
600 0.00256306662635179
650 0.0016191088618786819
700 0.0011939531388058863
750 -0.0009277493625349632
800 0.0015291503159317835
850 -0.0014329158390399208
900 0.00094679460311809
950 0.004096773916367837
1000 0.0009222471684285659
1050 -0.0038273414240736787
1100 0.0009076599013288808
1150 -0.001472903831721929
1200 -0.004799876772694772
1250 0.006356886918418582
1300 -0.0004777238635306814
1350 0.0008086687291355587
1400 0.0016867357008687385
1450 -0.0021245092862320104
1500 0.000043977481179417345
1550 -0.000058957214946646655
1600 0.0002855566258637468
1650 -0.0012112779493050861
1700 -0.00020455056281974958
1750 -0.0030559116530794466
1800 -0.00018064604274627765
1850 -0.0009319680845664186
1900 0.00041523091284039295
1950 -0.0020022847944672177
2000 0.001234709564722846
2050 0.00015742038393558492
2100 -0.0020026018321055643
2150 -0.002219273486343809
2200 -0.006902525783402426
2250 0.0022038052317546663
2300 -0.0029660185182438055
2350 0
2400 0.002231467649634339
2450 -0.00033792440796282625
2500 -0.0034963220133735393
2550 -0.002578066101310255
2600 0.0003614040504577706
2650 -0.0020548729707609843
2700 -0.004121735621428658
2750 -0.0029634397883081093
2800 -0.00035810403043037153
2850 0.0011151863750661955
2900 -0.0014125122866419449
2950 0.0003712381101394198
3000 -0.002300455157596407
3050 0.0007276155229483129
3100 0.00022738198709502624
3150 -0.0064697770678201596
3200 0.0017957400766880542
3250 -0.00041607831084028576
3300 -0.00594246333190632
3350 -0.0019158301626422685
3400 0.00037045906969723736
3450 0.003030817357928239
3500 -0.00503438680304898
3550 0.001553781429700574
3600 -0.0020779613251669655
3650 0.003990759299764416
3700 0.002669698523487122
3750 -0.007686566934504938
3800 -0.004929677756868899
3850 -0.004263860412537249
3900 0.002638111438932007
3950 -0.000845792775865217
4000 -0.006871978794445233
4050 0.006916543207758094
4100 0.003633410443559957
4150 -0.002878898873454406
4200 -0.006628961194602531
4250 -0.0015287932066216758
4300 0.001197729967530548
4350 0.001333699558337587
4400 0.004817360691302435
4450 0.0018684006247984754
4500 -0.005774013220318445
4550 -0.001568203695798889
4600 0.006537333781384634
4650 0.004549484217380125
4700 0.007118142020521193
4750 -0.0029017901105926796
4800 -0.009333564501350885
4850 0.005698154599227899
4900 -0.0041453113180779716
4950 -0.00785332519653948
5000 0.006557641868917531
5050 0.003428744380039249
5100 0.0009910007285422629
5150 -0.005586752994574394
5200 -0.003068276120974962
5250 0.0010804960931067441
5300 0.006859263110132515
5350 0.0021519642742813894
5400 0.0039414013127171115
5450 -0.004334235696778696
5500 0.0033689303384640593
5550 -0.007712132071799341
5600 -0.006060001205942915
5650 0.005997141128024579
5700 0.0007701657454658802
5750 0.003420178470910986
5800 -0.00741720279976849
5850 -0.009173043277168128
5900 0.004125385090005387
5950 -0.0012508242696637843
6000 0.009311364205905849
6050 -0.007469103864749409
6100 -0.006727283523451014
6150 0.007114774821514665
6200 0.0021443530138039097
6250 0.004957958339214418
6300 0.006362258290302464
6350 0.005064424056769799
6400 0.005457652675366799
6450 -0.0013645417812293747
6500 0.006728111474904317
6550 -0.009362798553768608
6600 0.004402840166701869
6650 -0.007715704343479
6700 -0.004143007786240989
6750 -0.008929162368514687
6800 0.0012766834623141995
6850 0.006339524098760137
6900 -0.007965256572265243
6950 0.0008176176763027162
7000 0.005828495961681513
7050 -0.005634737053640648
7100 -0.0023000809588968715
7150 -0.003477239352920459
7200 -0.010536591516653539
7250 0.005728354496792925
7300 0.004125041534348963
7350 0.0007172192812834247
7400 -0.004919027531519758
7450 -0.003065262495542798
7500 -0.006701431991561377
7550 0.005212124703146112
7600 -0.005144303398690156
7650 -0.010456569566724855
7700 -0.0032013517857369914
7750 -0.003330343675715115
7800 0.0032368376082387625
7850 0.0036875932366741064
7900 0.0029209054766013882
7950 -0.01268643199233158
8000 0.007733476719194415
