0 0.004605455503491266
1000 -0.0014577897399964412
2000 -0.0020579525965936964
3000 0.0001754986007928257
4000 -0.0007335119515901263
5000 -0.02090050712821626
6000 -0.02946384341943646
7000 -0.0005798889478432127
8000 -0.005656593793429261
9000 -0.00016845777234865357
10000 0.023196415918935634
11000 -0.3347297108000516
12000 -0.0017153374458776386
13000 0.006451984656268863
14000 0.00022199470440029728
15000 -0.020780853116337095
16000 0.000010808744168313138
17000 0.02692816342357634
18000 -0.000047876219126073095
19000 -0.01631249635559483
20000 -0.01845458531994423
21000 -0.02176885554096875
22000 -0.013004360636085531
23000 -0.03486545880829157
24000 0.011763204246523445
25000 -0.0012465165649494473
26000 0.00025903507205068927
27000 -0.008850110388758343
28000 -0.03744246801925912
29000 0.000016299741778188933
30000 0.025521987175387
31000 0.00007041064159888383
32000 -0.03856953093068821
33000 0.001501763685440115
34000 0.005380087472490656
35000 0.033338735185658504
36000 -0.011609006096428898
37000 -0.011331712484998042
38000 -0.027405035174792803
39000 -0.011870512647764394
40000 -0.03681694215159414
41000 0.0000010477563586992018
42000 -0.00000020389409455001342
43000 0.029586041982472465
44000 -0.020657922656002154
45000 -0.01556626046964192
46000 -0.000058056780910599194
47000 -0.01677279964911659
48000 -0.022704519647965854
49000 0.006260655387973171
50000 -0.031724091958024045
51000 -0.014620899018078585
52000 -0.000014441123355614534
53000 0.00003880234262930689
54000 0.037490810955503356
55000 0.0000028156242305201276
56000 0.0000003123233240216968
57000 0.0005282035627426562
58000 -0.03043044639276901
59000 0.00000011432212237775319
60000 -0.0003161454543605737
61000 0.03794853787624658
62000 0.00045133902483304473
63000 -0.035999956193410954
64000 0.013767684732887463
65000 -0.025461719381058043
66000 -0.0002078552971614735
67000 -0.031135005382933036
68000 -0.010032534671882793
69000 -0.00029030394038887663
70000 -0.03929910878697424
71000 0.003030211568537495
72000 0.03712634260073443
73000 0.000052313567484343614
74000 -0.03913893524347294
75000 -0.03897085579484886
76000 -0.03884779333371282
77000 0.037697040992801335
78000 0.038005260506203245
79000 -0.00042162352306489737
80000 0.0023701663128073403
81000 -0.030537593328744336
82000 -0.03576175839067613
83000 0.000025405439896647915
84000 -0.03925214007335571
85000 0.03880147755262828
86000 -0.056452427347452205
87000 -0.038846020751526676
88000 -0.004284638752924051
89000 -0.03930719855035569
90000 -0.00005226760291967627
91000 0.00000027696596658527833
92000 0.020652916054189157
93000 -0.022961595922414566
94000 0.000012313789016523353
95000 0.000006300681095169779
96000 -0.03933515443430209
97000 -0.015739710700860596
98000 -0.6859914542436598
99000 0.0159085102609978
100000 -0.000008917125545464749
101000 -0.03791005492841278
102000 0.03894110375714469
103000 -0.012511759575124185
104000 -0.00030631846615041176
105000 -0.03922600862905303
106000 -0.039506925191042534
107000 -0.0065231436952668176
108000 -0.03879729359866497
109000 0.00011279114880075626
110000 0.039308351200208126
111000 0.0000007755047064387793
112000 0.000000142608008326888
113000 0.00005973507681024786
114000 -0.037170020722954215
115000 0.0000005350746758711335
116000 0.00011997340667467408
117000 -0.03919775102898984
118000 0.003423814385834031
119000 -0.00001940765349685012
120000 0.0023499737259754017
121000 0.00012352799967561536
122000 0.00880172030937086
123000 -0.000012080430457442992
124000 0.000005304782194043991
125000 0.038070421758801404
126000 -0.03950359688512919
127000 -0.0000001402508511644601
128000 0.03705241979496353
129000 0.000010978459484007948
130000 -0.03696667113170873
131000 0.000000010607207230925554
132000 -0.03868736993155231
133000 -1.3999999582767486
134000 0.011560816375400223
135000 0.0003749400254630128
136000 -0.0000075841531701117706
137000 -0.000025775513571149095
138000 0.039256109526017234
139000 -0.08070700955269505
140000 0.014443322583247079
141000 -0.039506517402853436
142000 -0.03811510402997238
143000 0.03951179036342579
144000 0.000748570650122297
145000 0.008023404693015886
146000 -0.00021531098526623296
147000 0.0011151628034945713
148000 0.0000001378936940020322
149000 -0.001858526493445065
150000 -0.03951518938405401
151000 0
152000 -0.00000009310770791590208
153000 0.00000008250050068497653
154000 -0.000000022392993043065056
155000 0.00000003300020027399061
156000 -0.33613998998224726
157000 -0.038598952966389634
158000 -0.00023773226419524713
159000 0.000060774583118878566
160000 -0.03947487021079068
161000 0.000000035357357436418514
162000 -0.0387833203710061
163000 -0.00009125262522907132
164000 0.000027830954616786223
165000 -0.0392499007740514
166000 0.0000000023571571624279007
167000 -0.00004446541271203992
168000 -0.03648267840870457
169000 -0.0002800279137392722
