0 -0.000490937614813447
20 -0.00616981228813529
40 0.0007848120294511318
60 -0.006211929023265839
80 -0.0033320197835564613
100 0.00693519227206707
120 -0.003367666620761156
140 0.004457096103578806
160 0.0036668397951871157
180 -0.003842514008283615
200 0.0004356349818408489
220 -0.0029620148707181215
240 0.003902405733242631
260 -0.0034577245824038982
280 -0.0033625648356974125
300 0.0007966211996972561
320 -0.004306078888475895
340 -0.002960731741040945
360 -0.0034109740518033504
380 0.0033800683449953794
400 -0.0009550242684781551
420 -0.0029829852283000946
440 0
460 -0.0011816886253654957
480 -0.0016038198955357075
500 0.00003241933882236481
520 -0.0016483324579894543
540 0.0015983008779585361
560 0.0004999842494726181
580 -0.0032072195317596197
600 0.0011602416634559631
620 0.0020263823680579662
640 0.0006378171965479851
660 -0.0009461040608584881
680 0.003342379815876484
700 0.000024250708520412445
720 -0.0025429045781493187
740 -0.0022160117514431477
760 0.0009014308452606201
780 0.0011314856819808483
800 -0.0015886453911662102
820 -0.00028203288093209267
840 -0.0012090611271560192
860 0.00433144997805357
880 0.0011517382226884365
900 0.0013095871545374393
920 0.003989452496170998
940 0.0007417201995849609
960 0.0012764488346874714
980 0.001169727649539709
1000 -0.0014873724430799484
1020 0.0005258764140307903
1040 0.0005328957922756672
1060 -0.0008410015143454075
1080 -0.0005828519351780415
1100 0.0017570401541888714
1120 0.0020303460769355297
1140 -0.00031022028997540474
1160 -0.0007320037111639977
1180 0.0006560087203979492
1200 -0.0007337033748626709
1220 -0.002577305305749178
1240 -0.0015254449099302292
1260 -0.000784299336373806
1280 0.0008385130204260349
1300 -0.0008553643710911274
1320 0.0007947934791445732
1340 -0.0007656286470592022
1360 -0.0020853984169662
1380 0.0013010669499635696
1400 -0.0011202977038919926
1420 -0.001008202787488699
1440 0.0008789836429059505
1460 -0.0013428055681288242
1480 -0.0018610763363540173
1500 0.0016608303412795067
1520 0.0011773803271353245
1540 0.0027841771952807903
1560 -0.0005294852890074253
1580 -0.0012043118476867676
1600 -0.03664218774065375
1620 -0.0007585091516375542
1640 -0.0001513483002781868
1660 -0.0008917003870010376
1680 -0.000008681323379278183
1700 -0.0007680687122046947
1720 0.0012049698270857334
1740 0.0018379837274551392
1760 -0.003521611914038658
1780 0.0011404026299715042
1800 0.000799685250967741
1820 0.0016780463047325611
1840 -0.002037561498582363
1860 -0.000544888898730278
1880 -0.001948163378983736
1900 -0.0014806324616074562
1920 0.001254300121217966
1940 0.00001137610524892807
1960 0.00036378996446728706
1980 0.0005957502871751785
2000 -0.005645116325467825
2020 0.0013553495518863201
2040 0.0007914695888757706
2060 0.0001810481771826744
2080 -0.003369166050106287
2100 -0.0012035570107400417
2120 -0.00091567263007164
2140 0.0013313288800418377
2160 -0.0017173080705106258
2180 0.00005156081169843674
