240 390.10935415784945
241 474.9910627662204
242 269.90941430272215
243 264.2284881937896
244 253.334034953298
245 235.15623576762346
246 183.4231489624151
247 192.30586338769535
248 258.58771344300413
249 309.38337725600064
250 208.32555807420232
251 202.55113415826688
252 217.3361632416758
253 183.80464671254305
254 189.76375441160465
255 181.2079275477357
256 168.58596666915875
257 172.17719998557232
258 147.31096038273026
259 162.92763855733298
260 160.44630473369693
261 146.9455944388454
262 146.41122651125363
263 157.06100002795867
264 153.62422943937335
265 151.89323679130308
266 146.37497380041796
267 145.67811097067033
268 136.50562247882576
269 139.48218449308126
270 132.18733916259546
271 145.51052798886982
272 131.02698369084266
273 131.22163115623354
274 134.82331012744592
275 123.25479973903812
276 136.59808222291514
277 121.92367988891313
278 123.0765351498556
279 122.71016399944192
280 122.32502317813879
281 133.88398290642974
282 130.80394994492605
283 133.14909559023477
284 133.32510230965755
285 124.90086904086603
286 137.30278638947283
287 115.91804946697317
288 119.90720048859095
289 119.49327271511457
290 124.10409524879579
291 122.24808674248689
292 119.41824533151099
293 118.09481915223265
294 120.04822664634756
295 107.4854742396728
296 106.38020752589311
297 107.14322905184316
298 110.08051273344286
299 120.524312270053
300 120.00352136919822
301 109.12231005855462
302 113.04924038843357
303 116.25292896948062
304 121.37970727773926
305 116.21149650525675
306 124.03535003791647
307 124.84413307353104
308 128.13034637466325
309 131.68272782588946
310 128.58416211015603
311 119.59370703092057
312 105.99741434522561
313 118.26521595281255
314 115.50104092499336
315 122.56803021321628
316 115.48222378710362
317 119.33728693113635
