0 55.02838421838529
1 68.28015093719995
2 55.56702868982637
3 52.123451087813685
4 42.1284454037757
5 45.34311935899566
6 39.11520365294535
7 32.25505042397191
8 37.30381449568675
9 31.362497942164865
10 24.628211749059957
11 18.141975142203272
12 28.372737217468707
13 26.85442842225566
14 23.402605796018747
15 22.509384854237112
16 22.725019854724714
17 22.015178714660316
18 19.705599346416253
19 21.86502877377711
20 24.728156587408037
21 25.068306121879008
22 17.041677889832943
23 20.36095080923607
24 18.387027968521018
25 16.18316347664987
26 11.668775057155232
27 11.274110051300553
28 15.256953842467855
29 12.389731675224718
30 12.88466474314089
31 11.290434540729754
32 12.358305957336585
33 15.539849673220521
34 11.306444846843638
35 10.045660341302838
36 12.151090186407279
37 12.014753216841363
38 12.838361755882442
39 10.182902869781207
40 12.43538998264228
41 9.18957120298433
42 8.762203057886552
43 9.075530935813294
44 9.229319257903427
45 12.892355829560874
46 10.753685270588491
47 8.934920120345128
48 11.104123062318482
49 7.267764185930658
50 9.573696032290405
51 7.1591101821357315
52 6.729476919317058
53 8.232280855427415
54 9.097818436889003
55 7.981399241077948
56 12.86197403098045
57 7.760277735422229
58 5.873118420001879
59 6.857906955462356
60 7.266920818590843
61 8.369792154801818
62 9.190971745308048
63 10.601473186784235
64 7.335312797714754
65 6.505314364653296
66 7.35414905664985
67 7.46093506472684
68 7.631037227509143
69 7.646579827548187
70 6.823908648529764
71 6.6355652430172185
72 6.07226710145283
73 8.005609914296782
74 5.4261299770120415
75 6.3454747467407175
76 6.491193824771193
77 5.250772682800565
78 5.969848825606489
79 5.057273045390439
80 7.767373371749769
81 6.123523258850569
82 6.927220269437879
83 6.174934318530534
84 5.854691650822926
85 8.005825470510006
86 5.182375772749373
87 5.811705948566593
88 5.693052827794596
89 6.6579982280532235
90 5.239925988459916
91 5.9948783571426985
92 8.059432654741805
93 6.3049468332119
94 6.3003102011302
95 6.950470254872317
96 6.375066033950604
97 4.89159661861925
98 7.414301945128394
99 6.015413404443164
100 5.6500366150491885
101 6.520817849589256
102 6.889498808329202
103 4.70525977234012
104 6.510087160957001
105 5.8957343471745896
106 6.614365414190367
107 7.664318961503661
108 6.136161560614056
109 6.764759214481315
110 5.241491315435142
111 6.105893486270049
112 5.088708519452453
113 4.760405100262708
114 5.614742631368707
115 7.8939096600261065
116 7.102720698927258
117 6.599902571191966
118 8.039273942024742
119 6.917611706844786
120 4.817229302730603
121 7.757304670069428
122 7.476150505308542
123 6.317840245369403
124 5.45183862786416
125 8.6445528237437
126 4.610788714704713
127 7.590615401884287
128 5.5564542034562345
129 5.159870200294345
130 4.753816053240514
131 6.126340491615314
132 4.686343936047208
133 4.702482895690052
134 8.390800490171848
135 4.930890944740595
136 5.452224404341049
137 5.344878849557068
138 5.847160595790868
139 5.916022585840883
140 4.7616520189755125
141 6.292640444949166
142 5.685767238668024
143 6.581373731368554
144 4.963828641666361
145 5.844733570452791
146 5.333559993050138
147 5.692963675187649
148 6.068413968283731
149 5.048160050339876
150 6.677112055257855
151 6.490145770285209
152 4.291955217278618
153 4.488742544168819
154 7.195344264118574
155 5.791198146135547
156 4.407263411328176
157 4.135718234491391
158 3.5021110632040027
159 5.12107179950578
160 5.461016834753878
161 5.566019737347292
162 3.074048025295329
163 4.019473250233029
164 3.6480706692322937
165 5.161749683657829
166 4.632320019879688
167 4.074528933728745
168 4.057503842329576
169 4.45535225488445
170 4.092045906809055
171 4.795693859838754
172 3.8442670538746535
173 4.6908317162882645
174 4.68453179990828
175 4.550304828467758
176 3.5098029302141662
177 5.630741112212422
178 4.2218984167007685
179 3.170061342315195
180 3.5825103679633394
181 4.694642037207253
182 4.976499111983788
183 3.6644538705698495
184 4.026431741268671
185 5.5648357957522165
186 4.3641534065569925
187 4.528507963534653
188 3.6308259360022483
189 4.0506686524180635
190 3.9672992647318055
191 4.200967238115535
192 4.055136757820507
193 3.578204844154629
194 2.7507630039129864
195 5.145065296352416
196 3.0509173516869765
197 3.9439272171545734
198 3.5835022812973047
199 4.250439228864529
200 3.7831425476069476
201 3.9922681198789345
202 3.9299884124105042
203 3.293657977987939
204 3.612266551965758
205 4.962350462823611
206 2.967319189412629
207 3.309949253069707
208 2.155681872665381
209 3.7309498921583417
210 3.629051688002146
211 4.2225938867312784
212 5.387123345748663
213 4.15593275437498
214 3.523164450743539
215 3.1724256878170696
216 2.6755776865538694
217 5.195658783725114
218 3.1251290506773617
219 4.214061087121458
220 4.3879840778523205
221 4.440938669810012
222 3.642537920657252
223 3.0293030523549778
224 3.8666419366706957
225 3.6367196195612546
226 4.308931669262225
227 3.496307797913463
228 3.479669950237022
229 3.7015107589945675
230 4.579119372547253
231 3.492395503452431
232 3.5784743367092036
233 3.7523655294596274
234 4.284365255278979
235 4.318183016478575
236 3.802960285487014
237 4.124244598252757
238 3.910170436561974
239 4.505172538980591
240 3.187784786697443
241 2.844147041124658
242 4.557631712517361
243 4.349304909462898
244 2.825543234411485
245 3.5670033048472054
246 4.358600755986231
247 4.608071724813973
248 3.9915840832645646
249 2.864405553195574
250 4.3682232025062415
251 4.622153199968343
252 3.5766740832311745
253 3.185767420845951
254 4.48772928683532
255 4.410806137552305
256 2.879784793842063
257 3.999590223861356
258 4.255410000141291
259 3.3458765671357735
260 2.1870868870428497
261 4.073315558900929
262 4.506035131151113
263 4.584620238622369
264 3.1793570695709716
265 3.5303226609671516
266 3.5889282441033474
267 4.846550085310547
268 3.3291069245791753
269 3.151088690368966
270 3.3666107190219097
271 2.8544331499654563
272 3.6294500182372302
273 3.5686993626139354
274 3.5130140397769782
275 2.6740817370388195
276 2.923731928691833
277 3.355030553670798
278 4.225069914915641
279 3.2040211637361944
280 3.012041427781473
281 3.659614529000044
282 3.0339587967286255
283 3.192077525153037
284 2.775395813589052
285 3.6758390847212405
286 3.3416768331663986
287 3.267352103889544
288 3.4665147957802507
289 3.859049951532286
290 3.2751741961778364
291 5.816231904960486
292 4.3886131747866415
293 2.9397509880834525
294 3.5587195299549035
295 4.38187172076543
296 3.6149714351269173
297 3.8679803310622223
298 3.2570030825178122
299 3.802871843585331
300 3.338201221968332
301 3.129852213650346
302 3.4173909748588764
303 4.197059570919838
304 2.518564682404047
305 2.659316206204892
306 4.189479099779831
307 4.522612359554873
308 3.9571711368062683
309 4.167723082951089
310 4.33211513911902
311 4.863788034622569
312 2.741627151614644
313 5.324006031391517
314 3.8555086439878727
315 4.290629788259376
316 3.3645298976882723
317 2.7807013931374995
318 4.526428141009018
319 3.68879338643315

320 4.08432311210644
321 4.7799379503911545
322 3.469775105968479
323 5.48042927179734
324 4.631800871374716
325 3.781978970775511
326 4.455756139017655
327 4.0543692952038475
328 3.2804008245464553
329 4.463085749540534
330 2.8644543721097033
331 2.9063867958089378
332 4.602168886834708
333 3.0827063626533944
334 3.3265402491379827
335 3.200773994537764
336 3.8035696175874927
337 2.3301489217221047
338 2.475768575548256
339 3.9744870234547274
340 3.296803769616416
341 2.233707629634228
342 2.86546553310425
343 2.4930213848219474
344 3.574162798199809
345 3.5113756907247775
346 3.272356320465098
347 2.439006445478664
348 2.7341652930565754
349 3.1208643307047055
350 2.998855896691805
351 2.971309343683508
352 3.7525877161413996
353 3.120317829778035
354 3.110524662393203
355 2.1041369162605803
356 3.2322842557339326
357 2.710469572145059
358 3.043750181112774
359 3.1237430796297385
360 2.3308740315715757
361 2.6782413090745356
362 3.439737008964071
363 2.6320333551849746
364 2.094310881387932
365 3.481790373583847
366 3.1129457353700922
367 3.173743047401539
368 3.230382169538166
369 2.736508957441982
370 3.208240429291685
371 1.5579064318594116
372 2.1717107471498567
373 3.807055835304311
374 2.76515619707873
375 2.8139387373098663
376 2.2841546301464977
377 2.824449209552261
378 2.090715383323411
379 3.105598462361965
380 2.329336232517629
381 2.635975086428146
382 3.11723328095145
383 3.8526021906335846
384 3.1231806412791148
385 2.7044327293644876
386 3.0099151799740054
387 2.3194761327399562
388 3.054878954388556
389 3.2661193933422226
390 2.8591140391949996
391 2.8110579050875026
392 2.5951071582134047
393 3.5446154255915756
394 2.958464259157156
395 2.8870895584110063
396 3.878237447237106
397 2.8828374974418995
398 3.4747979836122918
399 3.507386164497814
400 2.9034076020562978
401 2.5141547201883756
402 3.5784574125593416
403 1.6797454584488622
404 3.0262599397979626
405 2.24356676776987
406 2.2742541759016195
407 1.7956463310748763
408 3.0093973263731555
409 2.692025886106313
410 2.302229871183119
411 2.108011004712099
412 2.8013563927402303
413 2.918253102004918
414 2.97615178057458
415 2.150353364670197
416 3.1942067542292283
417 2.935182375667723
418 3.4758217739416213
419 2.851085202110303
420 2.489488496126218
421 2.5415910385219833
422 2.550623770715381
423 1.876453432107232
424 2.218532862020454
425 2.2834285444361897
426 3.13982193087549
427 2.908503091849469
428 2.410281000253634
429 2.372824268259919
430 2.6684726037021487
431 2.5444425462271467
432 1.9474562477895825
433 2.4336891452293763
434 2.849298966374396
435 2.058653429590179
436 2.13891843360426
437 2.491657478718693
438 2.9334469802992196
439 2.545704291480258
440 2.123275676889407
441 2.165641564928548
442 3.8379583775480213
443 2.792448643879305
444 2.9147981144022896
445 3.1977900664532006
446 2.4136832810897744
447 3.1949632476306125
448 2.31477296230743
449 2.5413352618729257
450 2.574276123060977
451 2.3351333876002327
452 2.488852761176797
453 2.336016416165121
454 2.467607983889593
455 1.889302165382425
456 1.8285452762228591
457 1.9849536408038062
458 2.9784699473382714
459 2.765097295452378
460 2.6448244620470893
461 2.996064413379425
462 2.415871482016261
463 2.694797437046766
464 2.3553081269983998
465 2.74228363412663
466 2.122970102101742
467 2.292186901697886
468 2.0925378753297936
469 2.461007853324379
470 2.6818926554456044
471 1.8772598972823171
472 2.879047122767094
473 2.0929027717610578
474 2.9840997347083786
475 2.357116723675709
476 2.6150418175997796
477 2.8208702541282475
478 2.447228219644294
479 2.92117271659128
480 3.094136179984859
481 2.129114198073978
482 2.3937723874310146
483 2.559763852668635
484 1.9533943256289497
485 1.8796246638431147
486 2.183815720457912
487 2.026026662568243
488 2.4355078794118485
489 2.08191898019897
490 2.5872105199940023
491 3.205532079639203
492 2.405050880652403
493 3.15610267591877
494 2.1552896231711007
495 2.294391397423712
496 2.195788484599457
497 2.8324542955109697
498 2.6892219702521265
499 3.0122904553235252
500 3.0616709754288047
501 3.1430318721137898
502 2.5958931328301795
503 2.4166932805744517
504 2.0255674215396797
505 2.6312068818686525
506 1.845424026695972
507 2.0124081254640283
508 2.5956351581480774
509 3.1410941560728682
510 2.943512040046455
511 2.525173083832305
512 1.8696039985661008
513 2.829259040382138
514 2.1597112166834
515 2.0591369477227754
516 2.0048352655897057
517 2.4275218074866993
518 2.509953439787471
519 2.899680645727813
520 2.3892509480950035
521 2.2313558157632065
522 3.8060410185324276
523 2.369819530772593
524 2.5165522822876714
525 1.9798397689826037
526 1.9409485710518282
527 3.282263558595651
528 2.5909243434044953
529 2.154521863586684
530 2.018248372742939
531 2.8913162484434736
532 1.9908463180424014
533 2.3953527603587794
534 2.325580203393155
535 1.8496702017922937
536 2.7663018249863063
537 1.9009546451599957
538 2.3125570624342493
539 2.409967590152403
540 2.1654692219944573
541 2.262741427692861
542 1.703530982554026
543 2.443118098309482
544 2.1519091077736117
545 2.353017794047708
546 3.4152389584846166
547 2.707249970285184
548 1.638444791236264
549 1.6210943030895724
550 2.1463296493837434
551 1.8909957399154071
552 2.322385274607425
553 2.8243472157440577
554 2.818987960791965
555 2.11899876546433
556 1.8145000406099445
557 3.000165792602054
558 1.6213246964638
559 2.134769901366612
560 2.0285811013340194
561 1.5679596990969353
562 2.3305015408709298
563 1.974422082727975
564 1.8410544948388705
565 1.8553687522250089
566 2.9557805787037434
567 2.346526835009408
568 2.3408207546368205
569 2.653980854310828
570 2.802114036476985
571 2.482843265876295
572 1.919615822157652
573 2.425501227391668
574 2.4655169913640935
575 2.3886306868225766
576 1.983459561762885
577 2.3397380158754415
578 2.4223468683098233
579 1.691250584767512
580 1.7054380165594165
581 2.5217924236041798
582 1.9334793300395565
583 2.0786793125564387
584 1.7002103680665626
585 1.8132664738945503
586 2.274775114048005
587 2.3306491256410107
588 1.6721130165484661
589 2.8560012933707117
590 2.205729913212262
591 1.5596054545866165
592 2.229741908254814
593 2.3581487726513615
594 2.3575802082861754
595 2.703518218179846
596 2.5059014278386837
597 1.777804789047118
598 2.861860066065098
599 2.4837784948622956
600 1.4240330562668
601 2.7072457831493764
602 1.8232105029404857
603 2.598526973610454
604 2.2178442343575457
605 2.2976663058345164
606 1.791978853909852
607 2.025517133017035
608 1.757680499286503
609 2.312688589998576
610 2.2114132714512165
611 2.1418058893854743
612 2.352155897826959
613 2.7860963894910724
614 1.4791533808426625
615 2.6465220928476922
616 1.9003589858512457
617 1.694645127817134
618 2.597504104767078
619 2.1868801237197557
620 2.7722198043374817
621 1.5226477668997531
622 3.033634412438893
623 2.1032178561219688
624 1.6135702497546602
625 2.9851235638606557
626 2.05404830171841
627 3.204908730860293
628 1.945638710307324
629 2.7037744870989813
630 2.1444321707735794
631 2.5290447749407012
632 2.4514054151601194
633 1.7788414026756625
634 3.2952465396811528
635 1.8093727177135304
636 1.704027626410803
637 3.174117071552001
638 2.066437166266504
639 2.30444305428026
640 1.7979828962733668
641 1.8439452812513533
642 2.243199286269686
643 1.83320811151422
644 2.2417289491919625
645 1.7372372766267437
646 1.4184596390381083
647 2.724859089624927
648 1.9241940600845528
649 2.2513603470197476
650 1.8858642289795378
651 1.349008751839302
652 2.0338305082621035
653 2.2625728258946034
654 2.3010098559942653
655 1.2010424901265209
656 2.1933627992714717
657 1.7589417196823147
658 2.329719209977969
659 2.5869969571624423
660 1.9719134860426213
661 2.009441290150901
662 2.173614386237489
663 2.6143627580805657
664 2.1293556229583492
665 1.4964210806576295
666 1.7342330845710419
667 2.2119873740339893
668 2.0120289592814578
669 2.1861597714535246
670 1.5702719957667848
671 2.2510160546567963
672 2.2441765861445084
673 2.2230841983550427
674 1.3147010783311537
675 2.7428580830170164
676 1.5742751375292867
677 1.911700071603009
678 1.9182005490280838
679 2.465650794315098
680 2.280324444703257
681 2.7633693869119007
682 2.4868735931310835
683 1.599723719865826
684 1.7062623676439448
685 1.9023729464830257
686 1.2181700506215631
687 1.88109883230318
688 1.6080813368703804
689 2.072927871663547
690 2.269249291465132
691 1.8186743061606063
692 3.066071485899742
693 1.89430988696818
694 1.699628027545898
695 1.6536242083663357
696 2.037412183442368
697 2.5701022499749246
698 2.176724032311212
699 1.6089780420084874
700 1.9427258926317716
701 1.960975878523288
702 1.8885717906290884
703 2.0414491955359666
704 1.865758480988636
705 1.8442877804920208
706 2.0757524001084064
707 1.9538288789039993
708 1.4237475254662044
709 1.5773525136328799
710 2.1166690097916088
711 1.8438923084588732
712 2.2766815877529067
713 1.6660737840598818
714 1.8377916921916453
715 1.7447871118717664
716 1.7574131457476252
717 1.654071456079427
718 1.6063596127093807
719 1.5420328996709838
720 1.3393188354410848
721 1.419940189216986
722 1.605959662684252
723 1.3516753327759599
724 1.55779882291851
725 1.6695277233857229
726 1.5755595296835838
727 1.8673434017752324
728 1.4943137800387254
729 1.8936421465698894
730 1.2965869641035137
731 1.7606480859901705
732 1.4903526079538056
733 1.8293225993692992
734 1.2785246342592045
735 2.012709154025884
736 2.2996115311954775
737 1.5756246599505208
738 1.3972378005212356
739 1.2513172170999414
740 1.5337504559821598
741 2.0842926623521936
742 1.7210688160986365
743 1.7777046566451253
744 1.3098172146345506
745 1.6115691041636937
746 2.27934048868731
747 1.6439215756281327
748 2.444680342522753
749 1.1303666624279374
750 1.5595300539016381
751 1.641015242273402
752 2.0560577188456484
753 1.6391901604192984
754 1.669217489191856
755 1.8368784661805577
756 1.7557654870290225
757 1.7307741777778538
758 1.6535204961679977
759 1.9464590664739347
760 1.6197300817521396
761 1.3642340866534226
762 2.554120055275665
763 1.962245547725213
764 1.885792944808107
765 1.6779265339191756
766 1.9698533176897577
767 1.853950724684212
768 1.6190008646746792
769 1.676683870956769
770 1.531142288550948
771 1.8244547075151
772 1.3361016127946936
773 1.8856763715664047
774 1.6067223743481638
775 2.63138988949634
776 1.5206436923695072
777 1.6151867826942812
778 1.4969274655707434
779 1.1870139257464962
780 1.702013428432305
781 1.6650462703642877
782 1.2596573836252878
783 2.2898086440717806
784 1.9332893953120585
785 1.2928316588634097
786 2.2387652860512364
787 1.4506686405099032
788 1.7488175037144627
789 2.6595648280083872
790 1.7067742347917882
791 1.754422315908288
792 1.646315793655399
793 1.966973373586055
794 1.6981536358756748
795 1.8040707595574368
796 1.78298301095091
797 2.2724930191427912
798 1.9892836787627999
799 2.05297201080326
800 1.5248587964052152
801 1.6247850408424624
802 2.3996290141804635
803 1.7762865355557391
804 1.6253825060921883
805 1.7970990663459243
806 1.6138416572014078
807 2.0499095861311005
808 2.0132929724985336
809 2.1514957388684257
810 1.796828788870445
811 1.526286999653036
812 1.5791522187839973
813 1.2265912239682106
814 1.1648928256011082
815 1.7578312183604594
816 1.5739293384027366
817 2.041248754738384
818 1.4728600584752038
819 1.4609150524534094
820 2.162988537452686
821 1.3417862567736638
822 1.7610879159093413
823 1.4049550072989936
824 2.592953417417448
825 2.009453861613508
826 1.7643376163972442
827 1.4658284864515765
828 1.66709106772275
829 1.7957518667034444
830 1.0947966833686638
831 1.3270732675928172
832 1.8006299277722333
833 1.4472917485139192
834 1.498749787569132
835 1.13349877750637
836 2.2303937133145935
837 1.6986639765079337
838 1.9501710643246695
839 1.6083926292111324
840 1.2353591538859159
841 1.315301191838299
842 1.658414083878942
843 1.8428760911452484
844 1.418737038464554
845 1.4669422077468066
846 1.5555593787168274
847 1.6714026388292975
848 1.7179901259660355
849 1.473305836017793
850 1.3626701620683503
851 1.5548598951805448
852 1.2255531745590458
853 1.4911519574440035
854 1.9151752016555446
855 1.37652855944464
856 1.742666993977826
857 1.3262280240309168
858 1.2537755150520575
859 1.7044073554312227
860 1.6058203140962288
861 1.5234452742888451
862 1.5780013540825168
863 1.55366138241962
864 1.2873775764942104
865 2.0933173619987446
866 1.7007738919541242
867 2.1460869181016147
868 1.5198402747428206
869 0.9172689559650085
870 1.495955328640747
871 1.398526264083509
872 2.1623022506659066
873 0.8678669225038039
874 1.805559006195195
875 1.6399730799919914
876 1.2343703487532367
877 1.3522631152401623
878 1.5784884424112546
879 1.5088267986598938
880 1.3810074473004872
881 1.8704266656605404
882 1.8869829284801505
883 1.4435427602316284
884 1.4311961301208656
885 1.470104011958979
886 1.398353787088169
887 1.4345493284817903
888 1.2303628449204078
889 1.5184965550812648
890 1.333080591128027
891 1.5665024851422822
892 1.4951088990799155
893 1.780495117204057
894 1.7578413097112398
895 1.9810782690699857
896 1.7414040605804304
897 1.3179331069630742
898 1.1447484988202314
899 1.6901788407523304
900 1.4854776600653117
901 2.0468190420350725
902 1.3481425924242865
903 1.2054126331192758
904 1.7575515537857613
905 1.3724566488476586
906 1.9081907500100925
907 0.9045697919079385
908 1.7569418504807632
909 1.2441356512259296
910 1.332250623584694
911 1.1423776053201782
912 1.214073010578589
913 1.2342022125766032
914 0.9349646884611102
915 1.9444707212663084
916 1.6192656152070417
917 1.9938622971938407
918 1.6614212878689512
919 1.6598604588464752
920 0.9654929932571223
921 1.2044550381366088
922 1.1532908739502048
923 1.2611941242174947
924 1.2732494886088377
925 0.9586186730484815
926 1.6374213829037947
927 0.8484170342971478
928 1.6400009080964046
929 1.3119465224943425
930 1.2375136433438139
931 0.9034399776870162
932 1.139403589643056
933 1.6365051362473475
934 1.095237166457716
935 1.3446498458966
936 1.3577469787902023
937 1.3047660269373753
938 0.9548098487685514
939 1.9109386129945527
940 1.5599942262520332
941 1.4447652867190628
942 0.6630016361877356
943 1.0958574337542517
944 1.2986181313141534
945 1.2897825754883967
946 1.1410376416306147
947 1.552976683693161
948 1.4933198415625604
949 1.553898087161671
950 1.4951677352230694
951 1.1154987566935919
952 1.4922410073876418
953 1.2520519654398101
954 1.371557535086151
955 1.0575289126155936
956 0.9298479139520694
957 1.2762605910787241
958 1.1140488568800242
959 1.0961302574716276
960 1.3323807246829857
961 1.122364233905821
962 1.5083687283856269
963 1.0368726963806458
964 1.3073853074521526
965 1.2061208649847108
966 1.287870426700071
967 1.5198052204863675
968 1.379167495572012
969 1.9988170061161206
970 1.7871224348371075
971 1.3257607356234695
972 1.4763875717572366
973 1.2436096760934272
974 1.2209468927844223
975 1.1919015733808374
976 1.2508981391991223
977 0.9776957856463477
978 0.9291781047132212
979 0.9627824576557594
980 0.9471513389054603
981 1.395187745216699
982 1.1916883128234237
983 0.9704887161017032
984 0.9887586566401668
985 0.7544856476087418
986 1.3601804049612842
987 1.036219147595479
988 1.2068186755759518
989 1.2513160029945383
990 1.4991577351444476
991 1.3039599169430696
992 1.4163832749543115
993 1.0849534313193405
994 1.1005396459518435
995 0.9930291563320537
996 1.27190544941753
997 1.5761504145727347
998 1.5091692940197812


999 12.256693529433923
1000 33.919528772670496
1001 10.517495830274989
1002 19.810906185251078
1003 20.77552762960085
1004 9.629325685373729
1005 10.333290949574772
1006 15.507951954529272
1007 12.245192884966347
1008 12.063550601752425
1009 10.579006826134707
1010 13.848889413221388
1011 15.801350982276542
1012 12.274120515697344
1013 11.126784664938903
1014 12.425718604446342
1015 12.4998873316085
1016 11.77931242090298
1017 15.06389863934933
1018 7.686982615418734
1019 11.148456286811886
1020 13.37450404680136
1021 9.463412429216815
1022 7.6665955351664214
1023 12.504251722548368
1024 9.672141091154195
1025 12.094068320621355
1026 9.787295217980514
1027 13.249967723066327
1028 11.733895946754972
1029 8.935442280179325
1030 9.150037470679987
1031 11.402291732108393
1032 13.251890986250746
1033 10.641930419678175
1034 9.411605388191342
1035 9.724278215915112
1036 11.605332430864495
1037 9.84474250352445
1038 8.623006764552224
1039 11.630989337075382
1040 12.597592719620074
1041 10.139464748692358
1042 9.674671498496867
1043 11.946761622842065
1044 11.97227624232034
1045 12.186074063448702
1046 7.554136901920217
1047 8.627565365109536
1048 12.701313973480561
1049 8.256212983303374
1050 6.954018125941932
1051 9.68317072135212
1052 8.426409477723773
1053 9.80633258555718
1054 8.765242733702749
1055 8.308828106082926
1056 10.68531613740498
1057 9.656860223696325
1058 6.929077205708144
1059 10.872211578141968
1060 9.950200732665825
1061 11.90115429639585
1062 10.203694840047522
1063 6.144072615717302
1064 9.709125701803005
1065 10.962020460692292
1066 13.615988901641678
1067 9.571012560646295
1068 7.12838080101868
1069 10.154253037618318
1070 13.819805875424327
1071 9.76367523288668
1072 8.561114135565715
1073 9.716653049129294
1074 9.871997399406194
1075 7.85498159019155
1076 11.524228644752707
1077 9.970827292782136
1078 12.299287529425472
1079 10.107730707899785
1080 10.699454153608357
1081 10.61679114860871
1082 10.450051390417261
1083 12.611714645360827
1084 11.25576399419959
1085 9.139039799189973
1086 9.195293513620607
1087 15.342989222295406
1088 11.852129879146242
1089 9.828685303435883
1090 8.059365117227777
1091 8.724285185101492
1092 10.060888583685204
1093 11.611324744774537
1094 7.880556172546989
1095 9.560577847667814
1096 9.443643124424359
1097 11.816558081049262
1098 10.464987062359024
1099 9.392705241053273
1100 8.28981230129343
1101 6.8746286897066256
1102 10.29280815086484
1103 11.764915859933243
1104 7.4735457289830975
1105 13.217254490619194
1106 12.8711293005639
1107 10.718450236337913
1108 12.228258076297605
1109 12.270890509811652
1110 11.593387421330666
1111 11.57656928703561
1112 12.498744412920027
1113 12.861245744303828
1114 11.888694610592852
1115 10.717773496976967
1116 8.77537803572934
1117 11.733600911388312
1118 13.673651918737153
1119 11.373007536034798
1120 9.79303177588216
1121 11.49272253071346
1122 9.867294512258603
1123 10.7350334695543
1124 8.806331337675205
1125 10.262044689277747
1126 8.884926228903854
1127 8.350434125665204
1128 7.802444718217098
1129 7.404132273685382
1130 10.31511843027062
1131 9.147429834431449
1132 10.319493415093865
1133 7.601233183991005
1134 11.118722875711747
1135 8.387007243244184
1136 9.659902565156973
1137 10.914945983853913
1138 10.953304887622794
1139 12.23701766736785
1140 6.490787081255156
1141 10.6557677506444
1142 7.6544553947543275
1143 8.057204034017182
1144 8.18933594882785
1145 9.04670016015144
1146 8.345680481151957
1147 11.408623379373605
1148 11.073734542390396
1149 11.92382494205063
1150 9.038536513847667
1151 9.039467688253941
1152 10.41348059763064
1153 11.403531144708476
1154 7.6181962550750635
1155 12.445378792413477
1156 11.612031041215744
1157 11.013970990821317
1158 9.017962508405665
1159 9.744490389322682
1160 11.114498201996195
1161 9.762333170016658
1162 8.226026834218825
1163 7.75379799459045
1164 9.021230287838446
1165 9.83652879732607
1166 11.581393882542477
1167 11.348762267444082
1168 11.505925996691241
1169 9.723418116425663
1170 11.48494416512326
1171 7.81722425496728
1172 10.558749676126569
1173 10.691325899342532
1174 10.73840485984612
1175 10.620921958481782
1176 9.610504811065185
1177 7.808550162883555
1178 12.885768171399336
1179 9.24869107799344
1180 6.738458384108676
1181 8.603797477207882
1182 13.31551330524871
1183 9.969471946884592
1184 9.72322409661494
1185 8.611510171877491
1186 11.805175313142595
1187 11.552140038355706
1188 10.959225360966986
1189 10.686932146342977
1190 9.000578780778685
1191 8.911726790008395
1192 7.761094409815894
1193 8.781012693330073
1194 11.721303414740007
1195 9.285314954539276
1196 8.045823067522205
1197 8.800839294363167
1198 8.439768935375193
1199 10.860176530687848
1200 10.121754203017424
1201 9.704726669050734
1202 8.244879139230731
1203 9.2884871791081
1204 8.439582710093681
1205 6.787359997047503
1206 7.666147395944808
1207 10.271481948330585
1208 8.989328021147823
1209 15.335897857112249
1210 8.988829879855377
1211 6.05218037501641
1212 10.211128956638568
1213 10.687971025880165
1214 10.883439495869268
1215 10.50531961647
1216 7.789856799587826
1217 9.168446609318877
1218 8.79691331994214
1219 10.51882172664787
1220 9.587133054812844
1221 11.999456622856943
1222 10.435779537463779
1223 7.696592898930047
1224 7.114226068144722
1225 9.527130268204717
1226 11.117452713409673
1227 8.696306461409424
1228 9.873912191775307
1229 7.287967839394525
1230 8.90963219403392
1231 10.544748745755061
1232 8.731477103454429
1233 12.964333489121527
1234 9.007393537310154
1235 10.063946376709998
1236 9.06486747899866
1237 9.301544400759173
1238 7.919420531965014
1239 11.099343815151128
1240 10.82078541712035
1241 11.874009938487275
1242 12.007006451637539
1243 9.19692255906332
1244 10.390480032260907
1245 10.51297121322799
1246 12.323765730677076
1247 8.756120651456895
1248 9.690963590612
1249 9.285172298515919
1250 11.471450353981677
1251 7.580027341353245
1252 13.660973837452975
1253 9.360647289587055
1254 10.269474802918895
1255 11.068957078098379
1256 11.728091475824096
1257 9.813554699727872
1258 9.437254611571966
1259 8.605432830355673
1260 9.216205586964884
1261 10.431265162836503
1262 10.296071201832005
1263 10.105531292723736
1264 11.647312188333585
1265 11.056513381044372
1266 9.56711059323223
1267 10.660668793239047
1268 8.680235621582087
1269 9.016182038106615
1270 9.078185410443593
1271 11.715187363303498
1272 8.844917874178135
1273 9.75700775536439
1274 8.853617010908653
1275 8.291344209284222
1276 7.475475987344583
1277 11.792249923093392
1278 9.355812195776418
1279 9.36330526459017
1280 11.527154341508238
1281 11.526369487039698
1282 12.562480687587664
1283 13.056729938064304
1284 10.099496684490706
1285 9.783531051431126
1286 8.668374249785503
1287 10.190075817846708
1288 7.861629894197218
1289 11.965602514841901
1290 9.164166896944293
1291 10.440325747310755
1292 12.869503504246456
1293 11.302284134453162
1294 10.269493833440041
1295 14.115071937036367
1296 11.051451005869012
1297 7.368214639337868
1298 9.70090271244393
1299 11.029278446920996
1300 11.145306424699491
1301 11.560860309686557
1302 11.960270798113715
1303 8.691113548740786
1304 9.397395562484913
1305 12.565648060658233
1306 7.9056601166681935
1307 9.855930393636335
1308 8.049222940309551
1309 9.461549413475614
1310 10.448108334629193
1311 7.970190168174393
1312 11.749475876861702
1313 9.524653817823264
1314 7.237783886661313
1315 11.046638436306873
1316 8.827370048023544
1317 10.653790303364035
1318 7.8867751342624945
1319 11.015631157149326
1320 10.305774824196464
1321 9.751543373049621
1322 10.437126569927667
1323 11.429257762478974
1324 7.0877829556233936
1325 5.9958464508579326
1326 9.633386236057305
1327 10.336747558664735
1328 5.929521002230995
1329 8.635584181115613
1330 8.908137532602332
1331 10.450099599269317
1332 12.421054904665327
1333 12.409588605706148
1334 8.650299721175685
1335 10.704977707562431
1336 8.955346043403402
1337 14.374580057384799
1338 11.39777349742057
1339 9.403624805473953
1340 10.034018647693173
1341 12.213533866931051
1342 9.997929955321194
1343 6.306882806518896
1344 13.138908311130304
1345 10.84190873265039
1346 9.505520996572821
1347 10.662985183976373
1348 12.59751223671277
1349 8.596592363935075
1350 12.136141375376821
1351 13.854717200576104
1352 9.087841700249692
1353 9.094457255506182
1354 8.54552187670035
1355 13.630313597750181
1356 9.41603198128397
1357 13.363010850210243
1358 13.228844505932289
1359 13.379830094596363
1360 11.616576425866821
1361 11.425839555257985
1362 14.171964423094517
1363 10.651605598432564
1364 15.712258880930118
1365 12.108480171573433
1366 7.047966283146404
1367 12.530855282100301
1368 12.356095065174195
1369 10.336547097211163
1370 10.987046094953499
1371 14.585787116737297
1372 11.567265723964029
1373 8.322139574340937
1374 10.912226836884626
1375 8.495789683682865
1376 9.749601845735189
1377 8.863189240924147
1378 10.27360732349635
1379 11.188993811739534
1380 11.18566009261027
1381 13.807409077362825
1382 11.771695411919307
1383 10.761429336167245
1384 8.464178790440931
1385 9.786467746005723
1386 8.127442947515277
1387 8.814235343363023
1388 10.311794816369567
1389 10.201076613805627
1390 6.541344139974434
1391 9.044373274253866
1392 8.747863345701685
1393 10.665609900154882
1394 8.858100259384102
1395 10.554418058294
1396 9.661394817266663
1397 13.847452679206592
1398 6.696834496570692
1399 8.24438833329077
1400 13.217920140928253
1401 10.295349330078219
1402 8.06912598142888
1403 10.603429581953632
1404 10.400787674476819
1405 9.524309801688846
1406 13.35824711611214
1407 10.27184370352754
1408 10.507070607440198
1409 9.272494602995403
1410 6.8960289464433675
1411 8.287153086676408
1412 12.80571231280532
1413 10.753189582519719
1414 12.860474475207871
1415 10.166539324499496
1416 10.019534805076889
1417 12.437973080210913
1418 11.573517400343055
1419 11.783599111150274
1420 9.781961522741103
1421 8.589075779863569
1422 10.167278680284475
1423 9.248379342167828
1424 9.663248093956266
1425 8.926784922473676
1426 8.637927581484691
1427 11.694490547993814
1428 10.689584159515126
1429 8.382307824594688
1430 7.726263518976893
1431 8.04287846275358
1432 9.1259270828813
1433 10.829203560989807
1434 8.693264098382148
1435 10.108468944329665
1436 9.477087401606354
1437 9.504162519523806
1438 10.128481884733691
1439 8.184285865553168
1440 10.778701671021429
1441 8.080547499412242
1442 11.55118589948525
1443 10.45032125215603
1444 8.927182000823036
1445 10.475827140148018
1446 8.858744019027466
1447 8.967883642557746
1448 8.794453919539087
1449 6.349899994767193
1450 9.617517498821025
1451 7.68724606995546
1452 10.516589577308547
1453 10.337747519552842
1454 9.989455984733604
1455 9.435518889626946
1456 8.442946478729263
1457 12.576079337558571
1458 9.8009101751162
1459 14.19925858916883
1460 10.991278710153399
1461 8.138564791877371
1462 10.37946146507496
1463 11.544456817961297
1464 10.61920609566147
1465 9.311221378050222
1466 9.342608716816972
1467 10.591647890126309
1468 10.469626956610236
1469 11.309694577556588
1470 10.225087367045704
1471 11.285037973366482
1472 9.982833282344222
1473 9.084673391560122
1474 10.972042626503624
1475 10.72619913241833
1476 10.648781111289424
1477 8.523288038045052
1478 10.312546986051318
1479 7.587753683095918
1480 11.320605102243022
1481 10.53897722620457
1482 14.09784105821408
1483 10.172846410535737
1484 13.097009608288982
1485 6.1361377341521885
1486 10.96707811415133
1487 10.476211005423592
1488 9.811775825316266
1489 9.45522693488254
1490 10.958020608336861
1491 10.439378346865933
1492 8.16523595159477
1493 10.024469619992603
1494 10.162796077607219
1495 10.42922063591053
1496 9.015663665259478
1497 10.434651208120277
1498 8.60012315368395
1499 10.853092383792253
1500 5.597118157018912
1501 11.3801130869429
1502 9.510704907514404
1503 7.956426637315899
1504 9.059630010892029
1505 12.291743489720218
1506 12.919691468917714
1507 8.140037168577537
1508 9.806728290504399
1509 9.517968583813301
1510 9.057550971833603
1511 8.616633054305264
1512 12.25358811980154
1513 7.977860142611743
1514 7.8295319198980176
1515 9.664407419678001
1516 9.379566080810026
1517 9.19098856658441
1518 8.856424465978264
1519 8.301707000118132
1520 11.771812865533168
1521 8.205707208397715
1522 11.756740638438222
1523 11.88447247472006
1524 9.234683079700254
1525 9.726503453440873
1526 11.41029299644211
1527 7.454145523886709
1528 12.076749871197695
1529 11.86003712627376
1530 10.766856367504639
1531 10.927316277409393
1532 8.65945136069239
1533 10.75567275487001
1534 9.796193639668754
1535 8.876830946266521
1536 8.266749325410446
1537 6.718906115611242
1538 8.691917495329733
1539 11.353108984692067
1540 10.99683144870089
1541 10.600471223616388
1542 10.87080724258399
1543 11.473942721688339
1544 11.13783334023759
1545 10.228333676008281
1546 9.230343141353304
1547 9.905197782573492
1548 9.111569780977652
1549 10.634237644295247
1550 7.720850264872518
1551 11.815050220598005
1552 5.8137833363703555
1553 9.452991229769491
1554 8.45874431289861
1555 7.042441909611213
1556 10.048012515972035
1557 11.06663862610192
1558 8.523085890574338
1559 12.520023734628925
1560 8.283136546423927
1561 9.936513169296713
1562 12.39974519251848
1563 9.37638284930037
1564 8.353883757259156
1565 8.939703455990047
1566 9.618980549719872
1567 9.67482535758516
1568 11.217171779431093
1569 11.381629348222585
1570 9.270837831459023
1571 9.73337573296541
1572 9.224134991542522
1573 10.861903423010588
1574 9.503812126906645
1575 9.846443854286159
1576 9.990738939073191
1577 10.57624878850639
1578 8.66335811627756
1579 8.901210130127856
1580 8.323521223314547
1581 7.056228386502799
1582 9.202454810232922
1583 8.93764609276955
1584 13.410165848449187
1585 10.326230614798364
1586 12.597408942650329
1587 9.080749542384957
1588 8.188406766292314
1589 9.720398214943645
1590 8.991572650384592
1591 10.34603108126128
1592 9.904601036801184
1593 10.886266706572954
1594 9.742369620025752
1595 9.50215277893101
1596 8.518741974638951
1597 10.07712225476497
1598 10.080233815217385
1599 8.036290538442334
1600 8.742780594238146
1601 6.029533776299643
1602 9.3496095954641
1603 10.32279971155699
1604 10.525560379533138
1605 8.80503509528848
1606 10.067125438822458
1607 10.762847123913232
1608 9.75712007104034
1609 9.86399961506029
1610 13.595268105458354
1611 11.206955811016323
1612 10.125300803711463
1613 8.82188219184893
1614 9.750377971409765
1615 11.806502585637364
1616 9.133371853081812
1617 6.747365895308058
1618 10.0351632139012
1619 9.810134660455832
1620 9.759135208412433
1621 9.71718671496962
1622 9.760968646030129
1623 14.55572391304339
1624 11.839498780405448
1625 9.252003003396705
1626 8.472110352424949
1627 8.016187718997744
1628 9.701644468946116
1629 9.757729059131094
1630 8.093768395727302
1631 7.830314735688361
1632 8.319305119660466
1633 8.06246496115298
1634 9.364657286340767
1635 11.059227669564104
1636 7.0017367930669625
1637 8.631344995330624
1638 9.052265271863812
1639 10.776558585453566
1640 9.176461451747633
1641 6.758421769901271
1642 9.749623783794856
1643 6.831112034867564
1644 8.054566701727381
1645 9.661906223095661
1646 6.612505372220177
1647 9.931352020786349
1648 9.716068125763792
1649 7.4206607299278815
1650 10.512812427899233
1651 12.833785731973517
1652 15.62628475132246
1653 10.7224319280651
1654 8.860983896777933
1655 9.38422686291005
1656 8.63520384635428
1657 11.693256868408394
1658 8.689887160660618
1659 12.051534959227508
1660 6.509948189157209
1661 12.097725988876043
1662 12.360898274351245
1663 13.64959562153673
1664 9.197250242253721
1665 10.24176134219714
1666 8.05459627722557
1667 8.5572181115128
1668 9.771317805640534
1669 11.567266739994555
1670 7.77032775019527
1671 10.642370827952709
1672 8.661961736190918
1673 11.75544762336642
1674 8.586247105398316
1675 9.897024383663059
1676 9.240763604963803
1677 11.770744732714057
1678 8.400186658546044
1679 10.878942469940114
1680 8.567543923435977
1681 10.522450475407355
1682 10.794634665243475
1683 11.433392404148725
1684 11.836896333452843
1685 9.432369292259017
1686 10.013188387469718
1687 12.121118353162913
1688 9.527788291086102
1689 9.53692148383261
1690 12.71549552739277
1691 7.1514823995259835
1692 9.086689641698367
1693 8.473105002761171
1694 9.407228323572543
1695 13.73544776419389
1696 9.614404182970775
1697 11.446363839958085
1698 9.285917340726794
1699 9.802868771833886
1700 8.509118697280384
1701 10.629145351601641
1702 11.309299143602436
1703 11.50209908495412
1704 7.45548099458933
1705 12.72059283413246
1706 9.585640538610892
1707 7.409005996736051
1708 8.19313269607862
1709 11.541764542643053
1710 10.801175723754005
1711 7.998650521681117
1712 13.7404787863969
1713 13.426443999109937
1714 8.095552746525692
1715 10.7520498163904
1716 10.160274974103542
1717 8.100581797608944
1718 14.485834203585569
1719 11.364541708689083
1720 8.982957344538725
1721 10.881924709204778
1722 9.373104452799634
1723 9.552320015814947
1724 10.451586272008537
1725 12.935239365338314
1726 9.420315587952528
1727 11.00100428762594
1728 9.551227588817166
1729 9.122186002036267
1730 9.63693775402234
1731 10.424471027873166
1732 6.896573513399942
1733 11.436818554367848
1734 8.845316342335716
1735 10.733850997812448
1736 7.330668942797189
1737 10.321535926445765
1738 10.572822178244904
1739 7.5892864461603535
1740 10.91495046697688
1741 9.843346726935021
1742 10.066019520973555
1743 9.165447327864811
1744 12.870209608905153
1745 7.246299478542812
1746 7.774982199340441
1747 9.252709527319768
1748 13.224531877708557
1749 11.024990851329624
1750 9.567820417256492
1751 8.408320403429553
1752 11.907323550283275
1753 9.005167244422845
1754 7.512134891985933
1755 9.035115054383422
1756 13.756395074542636
1757 10.56897736373483
1758 10.712591076680784
1759 11.237907620780993
1760 10.41378320833397
1761 7.806983170359569
1762 9.073183767293687
1763 9.596749237068455
1764 9.686862514795921
1765 10.279352349247183
1766 12.344690077232942
1767 8.793597407290594
1768 9.60895140885685
1769 10.804760236377147
1770 10.686261981768677
1771 8.886033547238156
1772 13.679429667964484
1773 8.769537889036625
1774 8.486036019331669
1775 10.866941484601371
1776 15.417544565981515
1777 9.004465226052227
1778 10.832179267791128
1779 7.5498587459931334
1780 10.74885009243871
1781 8.030621467497612
1782 8.442492673077505
1783 8.29566773300504
1784 8.563025350533241
1785 13.283387232661644
1786 6.7649717518678205
1787 7.789433603774625
1788 12.961219142171595
1789 7.817529115123411
1790 7.094633882510093
1791 10.737109835364317
1792 15.28033985514568
1793 10.040108694510169
1794 9.849656471308439
1795 7.192881257753228
1796 7.416237821885889
1797 9.316306462800947
1798 8.180885530762088
1799 6.102671307845635
1800 9.790329094294497
1801 7.483588150937524
1802 8.067640520358978
1803 11.67488573742286
1804 9.72422219872844
1805 9.324644650570457
1806 10.664465162302196
1807 10.959325882960899
1808 9.637356881278171
1809 7.732608180430659
1810 9.529151035823551
1811 8.252453050019405
1812 10.242082656918832
1813 9.019055904383743
1814 7.961213597505396
1815 9.837246274433701
1816 6.68584869247887
1817 6.738060912174835
1818 10.846229821162156
1819 13.686950888351664
1820 8.455768474099113
1821 8.66880779898924
1822 8.108626361857663
1823 7.577805609524593
1824 8.400504317986499
1825 8.561528454818776
1826 8.817895377565131
1827 9.777526823867445
1828 10.699808546210345
1829 8.53769426657061
1830 10.002844434803503
1831 8.988004846860814
1832 8.206489976395886
1833 9.666351715887565
1834 6.661534996903272
1835 6.624720334857125
1836 10.413982804959943
1837 6.3956134678272205
1838 10.916362493178564
1839 9.164507260065118
1840 9.540156047723116
1841 10.90505722683806
1842 9.716308564314016
1843 9.480683990866206
1844 11.651826198873135
1845 13.561107526546408
1846 10.651240604245451
1847 10.855622768348999
1848 8.717617656491852
1849 10.040340110698978
1850 10.364857588452887
1851 7.998471904595995
1852 10.569982090575467
1853 11.052716612395141
1854 11.188182793093521
1855 12.111185125581567
1856 8.113494104805522
1857 10.673598237508507
1858 13.006624027868776
1859 8.050002699350586
1860 8.732714948583569
1861 12.12999737232901
1862 10.612220776299697
1863 9.904797706144205
1864 10.186437392796451
1865 11.382860818000308
1866 10.627740568186887
1867 10.468309895667174
1868 9.243191235167671
1869 9.160542492378159
1870 9.251901437404308
1871 9.414903719239962
1872 11.000135481702056
1873 10.64857226503556
1874 8.522442905151863
1875 11.193127909372482
1876 11.035279258762653
1877 9.928551320903592
1878 9.314069401916903
1879 8.007813067131533
1880 9.689108258606614
1881 8.386662127611638
1882 10.825596669963524
1883 10.255858790775072
1884 8.834706932126144
1885 9.069547127511703
1886 10.06592473451813
1887 11.181633663359342
1888 11.25895912889399
1889 9.505430907573176
1890 10.573603464328352
1891 10.15573956653188
1892 7.733047497352486
1893 11.592115143064044
1894 10.479069879788781
1895 10.601041678687961
1896 8.619442381852991
1897 11.67360309504431
1898 10.626621694599683
1899 8.916463891782662
1900 10.54718300562796
1901 8.150440788075
1902 8.117619994755739
1903 7.17634222191813
1904 11.871332503876383
1905 9.107324393221658
1906 6.946765256676487
1907 11.53832233412799
1908 11.929176685915465
1909 11.219566969130398
1910 7.142896545908282
1911 9.343836515665213
1912 10.221552305451615
1913 8.738265857610065
1914 10.671440471233069
1915 6.065218319137635
1916 10.337615014629606
1917 9.682919418713295
1918 6.888372817094531
1919 9.668225185128982
1920 12.61441387840073
1921 11.141052197718249
1922 11.949220780365634
1923 9.514687716433333
1924 11.950666968353437
1925 7.876560413314103
1926 9.852395927666272
1927 6.903117090043605
1928 9.43586022254159
1929 7.208659769920448
1930 6.688244570795138
1931 7.559824059849315
1932 8.379229660682041
1933 10.888012625430491
1934 12.228453455566818
1935 9.050446091920705
1936 8.986217686168487
1937 7.51043800177304
1938 9.769890754252245
1939 9.923316497772344
1940 8.310187592144892
1941 8.963454678571118
1942 10.69422501403076
1943 6.766888144880513
1944 7.0566733660541
1945 10.887779864335734
1946 8.996410979339608
1947 10.464871228612964
1948 9.324962192354235
1949 9.073540772743057
1950 10.486526960398804
1951 10.852553462472573
1952 8.433124898132435
1953 12.140953810181731
1954 6.7261517024556206
1955 9.377453974137445
1956 10.055868313493802
1957 9.750048905956241
1958 8.059881362163436
1959 9.094174870184553
1960 11.388365125606517
1961 9.606197409735481
1962 7.809910626089535
1963 8.574284455799631
1964 11.145956591818447
1965 10.540707498836163
1966 10.380896895136535
1967 8.60727452372631
1968 14.164444202828244
1969 11.197877262514103
1970 7.909581234767981
1971 13.864363488316098
1972 9.941691610550743
1973 9.653361407987573
1974 9.347821724366181
1975 8.802091852809124
1976 11.822657219005027
1977 9.403045596017236
1978 7.756237748773903
1979 10.243975447263594
1980 12.471970518515317
1981 9.655560795387329
1982 12.76840387588503
1983 9.017940412487816
1984 9.026157775735872
1985 9.273365071438644
1986 10.49852712034108
1987 11.645891342674878
1988 7.853172075287217
1989 10.928711434265045
1990 12.09034846001591
1991 8.896648508615584
1992 9.195406430635666
1993 9.884506720100653
1994 7.509237122726509
1995 9.766866539748495
1996 11.307999675166197
1997 10.173921394697663
1998 10.488893766020604
1999 11.205791623917817
2000 8.424026027391262
2001 7.629628441093825
2002 7.322026251439189
2003 12.71332306629259
2004 10.057163953340755
2005 8.035167050956384
2006 8.96685301435426
2007 10.233844787322322
2008 8.687583165973091
2009 9.752159929602138
2010 11.091988972900362
2011 9.627247496750451
2012 10.234346249922279
2013 12.05183738516808
2014 11.292569930649677
2015 9.72767607176124
2016 9.016175552706487
2017 10.275178628731918
2018 8.650469241115552
2019 7.979548640919773
2020 9.867638443203997
2021 6.712878950845085
2022 8.541116517601683
2023 10.27507617494899
2024 10.505740700243772
2025 7.564908284974373
2026 9.731420482438377
2027 6.721478169805968
2028 11.332518505676607
2029 8.22615448469447
2030 10.912065236797895
2031 7.384457409568517
2032 6.84663905328906
2033 8.018182702207707
2034 12.629780289214542
2035 9.891674975744872
2036 5.798502884732016
2037 7.758042576584717
2038 11.582015086898931
2039 8.809227674027598
2040 11.106090448133003
2041 9.289908352999465
2042 10.00691465814928
2043 11.961447464688078
2044 8.309832261784015
2045 13.850985588993952
2046 8.34609127519911
2047 8.835174310112558
2048 10.105476713163156
2049 6.525912248317781
2050 12.041172286861332
2051 9.428063352033089
2052 11.277098581642191
2053 9.797211982704265
2054 11.523882322232762
2055 14.28899805902753
2056 12.540928546656918
2057 9.678330475352741
2058 10.226780328411875
2059 7.7095561889378885
2060 13.744617637208924
2061 7.44695247693557
2062 9.259965857722316
2063 9.549278682176132
2064 10.971245675205761
2065 10.419518488025753
2066 8.260085868810087
2067 10.051386110262891
2068 7.872188392360105
2069 10.301102239310776
2070 8.090353289653992
2071 9.49075686060926
2072 8.56611619247899
2073 10.898366791556144
2074 8.288107343068615
2075 10.013008286836337
2076 8.218678859308842
2077 12.179625369807543
2078 8.128659371458435
2079 9.644871912842538
2080 8.631198123770544
2081 7.4945246056427735
2082 9.895265559959558
2083 11.575444585498825
2084 9.892444542193134
2085 8.897928583523806
2086 10.952225401527942
2087 9.466974814712607
2088 9.315409584684495
2089 11.995477415678346
2090 9.623866321143758
2091 11.177973112302471
2092 8.883272917494757
2093 10.491661306528304
2094 9.231021816577286
2095 10.050509164524447
2096 7.469469367757563
2097 7.858011940103185
2098 11.605942400459375
2099 7.479289866591986
2100 9.273979700830614
2101 7.483219396363085
2102 8.080937494197237
2103 5.977230978884114
2104 5.513329550623377
2105 6.846161000918101
2106 7.486693038979086
2107 8.647673477323957
2108 8.92824483800634
2109 8.57070747637795
2110 10.016474520768076
2111 10.140292792634472
2112 8.26155549567653
2113 10.66134563325413
2114 10.771364851149288
2115 9.699788231144328
2116 12.292321222060384
2117 8.326198585237764
2118 13.296817524456475
2119 9.270314002960545
2120 7.060600458336121
2121 11.38269057121668
2122 10.875673228482832
2123 10.46770703594867
2124 8.177319318697942
2125 7.35479467532921
2126 7.86396773584021
2127 11.61188246832554
2128 10.05784439497971
2129 6.359719204549055
2130 10.964510360948218
2131 10.518588526788095
2132 10.398820876618696
2133 10.22099607670084
2134 8.295844060337581
2135 10.691408569806311
2136 9.460242266093397
2137 11.279534605235378
2138 9.123830050309861
2139 8.80794298878635
2140 8.635176664722547
2141 8.674938442401244
2142 8.37438957454623
2143 9.358155090173367
2144 9.217206748466353
2145 9.41865958556257
2146 10.242104597289647
2147 7.891485364910198
2148 8.56043743990324
2149 9.48990568030639
2150 8.602445239752292
2151 7.306574974586316
2152 8.880620447261574
2153 9.50151433474435
2154 7.736732717784836
2155 10.965930866462141
2156 7.341145040055967
2157 11.351915121056127
2158 9.388559513356707
2159 7.742020600236049
2160 10.468284586497285
2161 9.698120245804782
2162 9.749662550137954
2163 8.105062064343707
2164 9.049798875591256
2165 12.15532271857333
2166 9.664699529319295
2167 9.249820543104391
2168 7.259582790977847
2169 8.95838739899582
2170 10.064113035934252
2171 9.493219655518017
2172 9.127042690048944
2173 12.518994710224446
2174 9.476253761750261
2175 9.790908857318003
2176 8.55232452609086
2177 9.241898085133483
2178 9.865363736069934
2179 9.419836863718219
2180 9.400076771955892
2181 9.359856886198164
2182 11.708698003365555
2183 7.502724899039421
2184 8.247676479149447
2185 8.115515621234383
2186 10.604736335865574
2187 12.777208174051154
2188 11.399199655485516
2189 9.390706054970758
2190 9.640056715287036
2191 6.634237127706695
2192 9.910469623603271
2193 13.598597818829358
2194 8.004225229597223
2195 11.218598759385404
2196 8.510128515317707
2197 9.677606965124282
2198 9.249055139906435
2199 10.09959097982888
2200 9.73316896559575
2201 8.959714011203134
2202 9.990111741602014
2203 7.196574878193573
2204 6.927820049708906
2205 6.070310297825153
2206 8.886134684803961
2207 12.144984677253035
2208 8.493987232304097
2209 9.344217079158584
2210 11.100992212725483
2211 9.182524942396723
2212 11.208252153901302
2213 10.690464701455767
2214 12.512471562519522
2215 10.40719201673323
2216 10.620020514537535
2217 9.62950944580039
2218 9.06317824709221
2219 10.74056585285432
2220 9.557514446235666
2221 12.38642270422929
2222 10.754061145607443
2223 5.6817427342150095
2224 8.539604895518714
2225 5.070985220519423
2226 7.874265811064462
2227 9.218801263434116
2228 8.96179619463397
2229 9.109779195384387
2230 5.914199128524293
2231 8.638120995589695
2232 16.66694464178596
2233 12.447193261728605
2234 10.533870515141459
2235 10.617921994735582
2236 11.360450214267187
2237 10.582626205177416
2238 10.695895243369323
2239 10.681190360921024
2240 9.747030857831309
2241 12.005451135880808
2242 8.806043150036409
2243 11.645438422784038
2244 12.086376095503958
2245 9.662519292855585
2246 11.744141217835821
2247 10.078194301117934
2248 10.36477846240428
2249 10.865422987125607
2250 9.793743024936855
2251 9.104635548042639
2252 10.832183899086202
2253 9.817699991875287
2254 7.613274566383398
2255 8.88282894646002
2256 9.741531001422016
2257 7.8365968059968685
2258 9.19407701869509
2259 8.821014890932627
2260 11.671913142685778
2261 10.353706523879362
2262 8.686228183324248
2263 8.899105755322282
2264 9.932583614581647
2265 9.737321501239206
2266 9.810935092312633
2267 10.583898924079321
2268 8.789039287785537
2269 11.207190151643399
2270 8.201074272923384
2271 11.00614783285774
2272 8.435825172995564
2273 9.228683196732147
2274 10.713770363288438
2275 10.113070734365788
2276 12.868185111589929
2277 9.974524632306183
2278 8.544086513721457
2279 11.143810901799286
2280 11.955884476531653
2281 8.592330090829098
2282 10.722848081426513
2283 6.284890531106636
2284 8.584309055376337
2285 10.431341074232778
2286 8.367425830781826
2287 8.515490434022823
2288 10.181667114540295
2289 8.541791595805666
2290 7.505143502174665
2291 9.31688001355946
2292 8.866718065950462
2293 12.653757759809688
2294 7.785638007659488
2295 7.783351886286302
2296 13.385420927846281
2297 9.802168454596266
2298 9.443483016447345
2299 8.649774253518853
2300 9.950177717553752
2301 10.18597326589167
2302 10.061145874161548
2303 8.163115345729924
2304 11.642929948060903
2305 11.125560540642757
2306 8.903812788411628
2307 8.162984926446464
2308 8.97811324325765
2309 10.223774484344347
2310 10.979802245691298
2311 8.302596664344746
2312 10.061534810359118
2313 8.595912824108458
2314 8.6821929569221
2315 6.2946869793334255
2316 7.504045586830414
2317 10.284876776320926
2318 8.930906094813599
2319 9.528402247418548
2320 9.611894539646354
2321 9.590030870041923
2322 10.131157980804584
2323 14.298208780155628
2324 12.522464028701284
2325 9.595315179391989
2326 8.977030827717275
2327 8.062110440336097
2328 13.161617623827848
2329 9.907325940730754
2330 9.995916521403284
2331 9.6154711050251
2332 9.031301100619128
2333 8.437277641998858
2334 11.650560372510967
2335 6.792619773841838
2336 12.76962603201865
2337 7.611091586583001
2338 9.195829010609774
2339 8.903237611425727
2340 9.292446122301143
2341 9.470361972016674
2342 14.417641134191596
2343 9.784168174705231
2344 8.843341857808777
2345 7.634395896030206
2346 10.57249858123457
2347 10.580298912249717
2348 10.820004191483285
2349 9.800435803256969
2350 13.262059675360375
2351 13.50117202079099
2352 11.89552689453846
2353 11.670418324246423
2354 8.943187800052913
2355 11.333146641450895
2356 10.472215884272014
2357 9.340896534823473
2358 8.323010816238073
2359 6.8282757696478225
2360 9.73011039545949
2361 9.817575857987892
2362 8.875350495232528
2363 10.448579636388395
2364 9.369510837544533
2365 8.926593128760013
2366 10.740869068579329
2367 8.942714633466785
2368 7.174437317457138
2369 8.50560278182056
2370 8.113186446924388
2371 6.952110682351778
2372 8.217457359485593
2373 9.365804933970223
2374 9.132103166405637
2375 8.017820448386562
2376 10.155819740491173
2377 8.305464199030531
2378 8.89066097457476
2379 9.376251450058922
2380 8.962500516621471
2381 9.999577203711745
2382 8.392569551961618
2383 11.789118697109757
2384 8.324472700505654
2385 11.287555211100035
2386 8.747808130140225
2387 11.55932237984687
2388 11.136624447272379
2389 12.122617957668272
2390 8.63964200189476
2391 9.315772839195478
2392 9.58705776310658
2393 11.128002302356883
2394 8.406807293628349
2395 11.150008827036032
2396 9.222121882186892
2397 8.972903644220091
2398 12.499784785719232
2399 11.806666596345567
2400 7.997725723433186
2401 13.384479089506192
2402 9.03487226534143
2403 10.53658526318391
2404 8.101438189151985
2405 11.832961154250519
2406 8.41636957894296
2407 10.793683604312669
2408 9.023115449665609
2409 10.841448281120872
2410 8.354298721199882
2411 8.104356186602503
2412 9.631651950623263
2413 10.841013088498691
2414 10.758858131005265
2415 13.933559571163975
2416 11.62949192075157
2417 9.331855097877103
2418 8.843750336622568
2419 10.761528240523672
2420 10.093025224143254
2421 8.909075866551014
2422 12.032070464366019
2423 7.953739070221555
2424 11.238917822881698
2425 9.66468684904604
2426 7.842109436100477
2427 10.274493706436443
2428 9.40415847797574
2429 11.355785255945513
2430 10.430869067090946
2431 9.562055807143272
2432 6.780111206998719
2433 10.87276786044998
2434 14.38429969749566
2435 8.50893745381378
2436 9.39804522942348
2437 6.138309653961613
2438 8.101046105845544
2439 10.110620789930676
2440 12.264457445952829
2441 9.202929447479118
2442 7.704702564192149
2443 7.860214883986974
2444 11.811490521135985
2445 9.704632667679812
2446 12.919386458551843
2447 7.861150093334969
2448 12.525753769481685
2449 7.1174302796742825
2450 7.6160811906254535
2451 9.393974322754213
2452 8.707656294540934
2453 9.06523410137509
2454 9.938103718236988
2455 9.440639880526815
2456 8.291781456474924
2457 8.451500319436075
2458 10.830123424667203
2459 6.483052020798455
2460 8.406379277285906
2461 7.676711738380268
2462 8.629607698956764
2463 6.273562982746044
2464 8.008371841257498
2465 10.736272486772162
2466 9.139567832601779
2467 5.7937683089522105
2468 7.579268225665478
2469 6.786512609937855
2470 8.851906532153048
2471 11.096827956539714
2472 8.809807539463254
2473 7.79097568336641
2474 11.308375278245792
2475 10.048252223414428
2476 9.440291985671696
2477 6.865029585690505
2478 9.394127652750667
2479 8.806629253775574
2480 8.883285602656509
2481 7.409843745921457
2482 7.837435999664255
2483 8.597355185194235
2484 10.031202938823274
2485 9.679527449959446
2486 9.352323093202529
2487 12.872087971768767
2488 7.894595564630406
2489 10.443485750862251
2490 11.130793678100593
2491 9.352152587439813
2492 9.652556120972806
2493 8.215210336071111
2494 7.82221410209415
2495 7.743530627928787
2496 11.415382349543258
2497 7.095471190953348
2498 7.26589354382204
2499 11.487765655816863
2500 9.194104647474834
2501 8.024270569815133
2502 6.9965171575545915
2503 7.737278284634005
2504 11.059445565800383
2505 12.056659876994797
2506 10.107851171512705
2507 9.67464898611429
2508 9.543210386069115
2509 9.476963703359075
2510 11.269702969504117
2511 8.803092358581823
2512 10.981929741852058
2513 10.121933232748484
2514 8.82579469947757
2515 10.86926730510402
2516 10.314618791414457
2517 11.816504683900368
2518 6.891309668624122
2519 11.37242249656701
2520 10.246678158671399
2521 9.547291668626183
2522 13.368193699293073
2523 8.980920114575959
2524 9.255498493551107
2525 10.178739737992672
2526 7.9451516397931226
2527 11.966789086730108
2528 10.65024270854276
2529 9.866836879483445
2530 12.092655876225347
2531 11.510772848999562
2532 7.6638132986132055
2533 9.360144601220572
2534 11.589493743478645
2535 10.75002757230288
2536 10.7958313741803
2537 8.603840003393382
2538 9.173702321499166
2539 10.277671619141493
2540 9.24366641551374
2541 8.899878153840055
2542 6.262766595112435
2543 9.623966283343405
2544 9.903690908133918
2545 8.360816872282399
2546 8.131868595266027
2547 7.634808480998793
2548 12.063708853771486
2549 7.708681205636004
2550 6.444914272190684
2551 11.629411909143743
2552 10.034982118001711
2553 9.668123456188239
2554 9.821903279827916
2555 11.482901487732116
2556 8.693410696925978
2557 7.894487961154007
2558 10.246344347396011
2559 7.91461928861535
2560 10.122995467721902
2561 9.911783506306831
2562 6.570831086675915
2563 4.664170660365186
2564 11.423949283271437
2565 11.631103060122376
2566 9.086973617572284
2567 10.81909125514598
2568 7.671532693222897
2569 13.776172926122907
2570 8.685352967193896
2571 9.809589183373403
2572 9.547817055316395
2573 7.22763483368809
2574 9.151747553665269
2575 9.560575860365017
2576 7.451153397919917
2577 11.354539641585149
2578 10.323882950207224
2579 8.4783845446507
2580 7.2671293191383715
2581 7.326958784601548
2582 9.52698851792129
2583 9.372694463749223
2584 10.176447913802027
2585 7.785098608603996
2586 9.50448903284571
2587 7.63785308861878
2588 6.4637064324745905
2589 8.052336051317996
2590 8.007135321627434
2591 7.408551936534059
2592 11.29261904571911
2593 9.822079016519947
2594 10.028293304369544
2595 6.381048392956324
2596 7.4920969493718355
2597 10.037827905024745
2598 10.819512622078094
2599 12.763389626379583
2600 7.595017832239644
2601 9.013308265160129
2602 9.546807689157927
2603 9.722089761864673
2604 9.576922771580303
2605 10.193245325021872
2606 11.383231832737808
2607 9.924614953384609
2608 11.062430291854405
2609 8.928722833296185
2610 15.084726628364082
2611 9.0146793131395
2612 10.080447822471374
2613 8.664417822094869
2614 7.028052156192703
2615 9.544035885472061
2616 10.9549979208674
2617 11.929849928287327
2618 8.44067985636536
2619 13.77924812275926
2620 11.046032048309028
2621 10.835116168888371
2622 8.334053180717412
2623 11.757884744482686
2624 9.056295813392692
2625 8.104344839558593
2626 11.797027556948088
2627 11.664596790990743
2628 7.193675903393501
2629 7.3508743952101705
2630 8.460606015941226
2631 9.224529279209946
2632 10.325920340450445
2633 9.506488465124479
2634 9.223698660610632
2635 8.630663374844678
2636 7.962474750040976
2637 10.514584640153071
2638 9.770939052988155
2639 11.937854424408386
2640 7.949903327731429
2641 7.496740766685124
2642 9.236793378124188
2643 9.172089398975288
2644 8.679924055974656
2645 10.988701740718815
2646 10.64523201019901
2647 8.658246949292714
2648 9.64047079448908
2649 7.500494419249426
2650 8.123513762956422
2651 7.962279930615687
2652 6.993294835320508
2653 6.315058724948323
2654 7.884843058328947
2655 10.647588372242204
2656 10.958605774167395
2657 8.668684066838757
2658 7.239261164617397
2659 10.156504539257575
2660 6.2897841263081355
2661 6.379964625820809
2662 8.55648597596087
2663 5.4779050557998765
2664 9.65716674660786
2665 7.771737320678217
2666 11.708413093370714
2667 12.099610860983729
2668 11.119394271627186
2669 6.543420513984422
2670 7.458123061415079
2671 9.784785333372382
2672 10.102146554757699
2673 6.550953610497057
2674 11.450311862515484
2675 8.082931197470433
2676 7.7883185480255674
2677 7.7737798967126945
2678 8.064791677393607
2679 8.507612340139126
2680 7.866362953544328
2681 8.98245150047137
2682 9.452081649817778
2683 7.330798082979999
2684 10.486734450398464
2685 11.588343102892491
2686 6.624115365558179
2687 9.601610852551593
2688 10.735676534531459
2689 8.473864253075984
2690 10.205184726897302
2691 12.409336277834418
2692 8.559374043285745
2693 10.56171377834961
2694 10.63725948484018
2695 4.734342184715665
2696 7.4265755823979935
2697 10.871528982400912
2698 10.419853345465345
2699 11.124420233295433
2700 8.642819051695392
2701 9.829455744302248
2702 8.790251051422423
2703 11.881589783580829
2704 7.3475704557057595
2705 8.460284381946872
2706 7.306304363214458
2707 9.036049567231927
2708 8.726590541455684
2709 9.002883810570204
2710 9.060903881510578
2711 12.988443748107557
2712 8.055523254351671
2713 9.926901460451703
2714 8.76758419859616
2715 8.396196275136827
2716 9.27928109717294
2717 7.476490584018297
2718 8.872267166544798
2719 12.69225170089665
2720 8.399244216388427
2721 7.538998819580764
2722 10.541811718230537
2723 11.968816008231112
2724 9.87454769766456
2725 9.510851420878797
2726 13.602108317408492
2727 11.007272065596313
2728 6.889108875301581
2729 8.842471847971169
2730 9.767971223046873
2731 10.337537514641102
2732 7.513562409988441
2733 8.792174098765658
2734 9.791965732204392
2735 8.254465241537831
2736 10.985809175778998
2737 8.702201068453245
2738 9.679701607503835
2739 8.31693993450975
2740 11.158762811986685
2741 7.903276836377566
2742 8.335089357276347
2743 8.554708510956347
2744 12.718146205144333
2745 8.74078650710047
2746 12.332229301654564
2747 8.890923319542622
2748 11.678473962167676
2749 8.887957130959169
2750 9.196332977900198
2751 6.875289092258408
2752 9.992113963441115
2753 11.34021309333659
2754 9.653666575053013
2755 8.125947832509159
2756 8.017480444655835
2757 7.596657621078243
2758 10.013466596761367
2759 7.39070680241273
2760 8.982991526105247
2761 8.466183548046597
2762 9.328649022896006
2763 12.976891808144533
2764 10.047970907850504
2765 8.558461188416196
2766 16.41066347994123
2767 12.136526367177941
2768 10.237168282147673
2769 13.913083474737384
2770 11.844308674970325
2771 8.420019186028986
2772 14.55848318435899
2773 11.65495497533562
2774 11.877722408253886
2775 9.196889968807373
2776 11.60718799549947
2777 10.377893644786203
2778 7.810332429232416
2779 6.49374618334264
2780 10.463129286684772
2781 11.516642055761118
2782 9.97406074967661
2783 12.11561485912947
2784 12.932637989631157
2785 8.98066334858218
2786 8.766609083505683
2787 13.182104293731683
2788 9.534459100186996
2789 8.966356412222378
2790 9.276197140416926
2791 11.263112113118043
2792 9.037776797968792
2793 7.4778520769367525
2794 7.040889093576775
2795 11.11620187235291
2796 6.552592248748307
2797 7.013525782731191
2798 10.572666358962909
2799 9.316280885834944
2800 9.83446050148971
2801 9.702559126502749
2802 10.430034425176437
2803 13.396516648804123
2804 9.839345542386928
2805 10.583663887822668
2806 10.429816587355552
2807 10.018805053500376
2808 11.236470696794893
2809 9.255685484576059
2810 10.3413579894785
2811 12.692939008553662
2812 8.563487260112456
2813 9.790050833007694
2814 13.074997909505283
2815 11.04976819422129
2816 9.024857444120062
2817 9.920944493839453
2818 10.108580873991556
2819 10.66916233223293
2820 9.760116553369569
2821 7.128026392743872
2822 7.8936473444396675
2823 10.016019841246472
2824 7.877449896893066
2825 6.583899407067957
2826 7.1360228421742695
2827 8.632616484521153
2828 7.896290525015353
2829 9.881198912864686
2830 11.215131212484144
2831 10.356799527982565
2832 13.334058756461285
2833 9.883287514929489
2834 7.882332070413523
2835 13.090881088443485
2836 10.054670659532018
2837 8.85781901702552
2838 9.280376615748759
2839 8.183975208066212
2840 8.152380953089265
2841 9.680414529974644
2842 9.23011048427707
2843 10.246878397623227
2844 8.358142466657998
2845 10.377355922946405
2846 6.1977133125954325
2847 7.358326985922167
2848 10.112874060501465
2849 9.380968974200632
2850 6.7164264434655365
2851 8.15555739174018
2852 9.420513889825006
2853 11.47436235890022
2854 10.589443243054045
2855 7.816354684927001
2856 8.890913902102978
2857 8.687301246843186
2858 9.321665535108153
2859 11.251599332952988
2860 11.551445536799235
2861 7.600595101840081
2862 7.6560832343906755
2863 8.884466836096532
2864 7.60061168059181
2865 11.611343188497601
2866 6.323920325901717
2867 10.11328550914492
2868 12.044452972350712
2869 10.845869619773323
2870 8.120811623763192
2871 9.87388476818807
2872 9.468556097769264
2873 10.837231658279128
2874 9.798900414510507
2875 7.175218365677164
2876 9.485219327679651
2877 11.912111894063324
2878 8.80692392902372
2879 12.861290169438014
2880 13.265837874267913
2881 11.49194872378021
2882 7.0923289498863005
2883 9.757157017255846
2884 8.568428095914996
2885 9.468192646896288
2886 9.606518366534402
2887 7.880820911253363
2888 10.599928176233124
2889 7.928514316693827
2890 10.204333270661916
2891 10.809218134591951
2892 10.650124785987288
2893 9.416852997528094
2894 7.1522426700382695
2895 9.190631325517133
2896 10.96566725472245
2897 7.311586470864747
2898 11.925477808747841
2899 9.385976338419058
2900 9.973984735312314
2901 8.669287870840623
2902 7.992361222851939
2903 11.250558725919596
2904 9.667482657167609
2905 7.900675610707478
2906 9.546762511614304
2907 10.034069119931962
2908 9.919990645343715
2909 10.291095145423096
2910 8.476160735034295
2911 10.685958502690658
2912 7.361517069764092
2913 9.148916514963409
2914 7.416920143757801
2915 7.462168538007873
2916 11.019050878848187
2917 11.380970224819634
2918 8.647859901543388
2919 9.828644141177621
2920 10.858444924254675
2921 10.757572042556502
2922 9.69664581609184
2923 7.869512157000612
2924 12.314273322721053
2925 9.728575345808123
2926 8.388532985733578
2927 10.32384669968069
2928 8.333827250584948
2929 9.502393346073536
2930 7.201747502097937
2931 8.283241713156526
2932 10.381489204292176
2933 10.730452558458527
2934 8.837435141975336
2935 10.996774332172292
2936 10.908460084361927
2937 8.174929415689444
2938 10.642706658773058
2939 9.047481743404001
2940 11.649880408596063
2941 9.408230406232999
2942 8.139301511919792
2943 10.404398640980581
2944 10.906021850075943
2945 11.093947139739734
2946 11.635295676868541
2947 10.31990345716004
2948 10.590846201694271
2949 10.55388776020111
2950 10.017539095452708
2951 9.290072929495121
2952 9.261459786644593
2953 11.121864808754747
2954 8.104648961201036
2955 7.853911265242797
2956 12.108580993877675
2957 7.683021344155997
2958 10.36114601744047
2959 10.09788069279382
2960 8.689662918858778
2961 7.482992075318085
2962 11.779262246093335
2963 10.313797315315343
2964 10.902234829064746
2965 11.433459642662141
2966 10.2194887822192
2967 7.758494165929421
2968 10.602389481444702
2969 8.280238058141343
2970 11.883305484612492
2971 7.691694693317165
2972 10.5173054160066
2973 7.94941466572355
2974 8.910292337314312
2975 8.79451396379569
2976 9.357900838502607
2977 9.66091754110724
2978 8.768863557277719
2979 8.22716818957969
2980 9.794567062008124
2981 9.72746919799643
2982 9.073512856620722
2983 7.422421875777148
2984 8.670795342806029
2985 10.878799289894518
2986 5.645915674235927
2987 11.851410279518669
2988 6.856390909234753
2989 9.6071108090536
2990 8.7793453190547
2991 11.025795469545256
2992 7.6052912409032505
2993 9.35585460048797
2994 9.220686128406284
2995 8.021970686153317
2996 8.8121880275106
2997 9.75664720677794
2998 9.536498132668964
2999 9.8035322285642
3000 7.840395374451273
3001 8.303156659195983
3002 7.9543093620518555
3003 8.235834182343455
3004 9.994797414935089
3005 6.630218009942333
3006 7.600780295395936
3007 10.032274996827734
3008 10.362891928407226
3009 11.202187222040942
3010 7.53424777429037
3011 7.674756566117658
3012 9.138620199176865
3013 9.171765642776426
3014 11.365498446622805
3015 9.800238040579691
3016 8.534939426642989
3017 7.141846704409296
3018 8.078659039028295
3019 10.360661197701468
3020 6.938307267956468
3021 10.942726563531739
3022 10.261737376174018
3023 8.369985051996458
3024 7.946954402223347
3025 5.7234401032526305
3026 7.033399306365791
3027 6.968165229618768
3028 6.752747078575527
3029 9.103701431766124
3030 7.809744932606058
3031 9.761123094502619
3032 8.885154455582123
3033 11.72434544179053
3034 7.5005837359440815
3035 7.791033900404386
3036 11.42360398981372
3037 9.1624735077819
3038 11.370570537047506
3039 9.768217932970963
3040 10.373846524363895
3041 10.488241054510711
3042 9.021647346419122
3043 8.859748565124612
3044 15.725663994905927
3045 7.160605092196854
3046 12.479564073723452
3047 10.496416391567642
3048 7.91865981569708
3049 8.546727428295677
3050 7.59374810575955
3051 8.439763599511569
3052 8.134526721109047
3053 8.133319686708951
3054 11.487521114532047
3055 8.596046801644992
3056 9.382265718320394
3057 9.733025024186235
3058 10.210069301991739
3059 9.06542702439234
3060 6.0554943254323375
3061 9.725051700066388
3062 7.387276540658987
3063 10.845859966035011
3064 8.353036478620613
3065 9.580806479911596
3066 9.384947919708585
3067 7.102710062198056
3068 9.129262774616206
3069 9.91559955365804
3070 7.65400116652597
3071 7.6698054061840715
3072 7.677520627608684
3073 9.401273596006785
3074 9.352757095247382
3075 9.333238069766395
3076 11.004756705968239
3077 6.689664900004222
3078 11.563776585938069
3079 9.890881747413356
3080 13.019128447340142
3081 8.588566380218591
3082 7.774037864455488
3083 10.115907609156821
3084 7.86644195844963
3085 9.518041788951594
3086 9.900356436569167
3087 8.534403683103546
3088 10.419644045513152
3089 10.699619257859416
3090 10.754890366481611
3091 9.252394298346745
3092 9.35296916002526
3093 11.486288570660696
3094 8.95809827068879
3095 8.845412268623907
3096 8.910545483388304
3097 7.042110112406941
3098 8.596800067011836
3099 7.671104122225768
3100 5.552726955935922
3101 11.401533946624578
3102 11.433319867229525
3103 11.210296084520428
3104 9.468414721508084
3105 8.126490283911568
3106 8.95724104046752
3107 9.194081877199512
3108 11.194991385968502
3109 9.022769899100991
3110 7.794969973785851
3111 8.403732271759466
3112 8.172387196273162
3113 7.650640960227382
3114 9.198240692130591
3115 5.377433333603697
3116 9.850925027479654
3117 6.539911256446283
3118 9.475703351636245
3119 12.554368701126949
3120 9.144009439012118
3121 8.880024121212628
3122 9.041212523619013
3123 9.037438679881976
3124 10.185924399320207
3125 7.669997979413075
3126 10.604629846211019
3127 5.941447649681657
3128 9.110425273231083
3129 10.077614245614422
3130 9.209241606564547
3131 7.554102264603208
3132 7.334476964343289
3133 9.696235526962814
3134 9.761256556976756
3135 11.04499266803432
3136 8.858877774696152
3137 10.778447438491067
3138 7.802989496684574
3139 8.501343952993128
3140 9.17718053287334
3141 9.705311406528729
3142 12.075205747695419
3143 7.723744735328356
3144 9.89952114945792
3145 10.414935708938396
3146 8.7693798377002
3147 11.894198483224507
3148 7.863075179269552
3149 9.107883888294634
3150 8.376835366942723
3151 6.373686471353472
3152 8.912164490227648
3153 11.112834629419044
3154 9.106926779846948
3155 6.586246243060024
3156 10.5400415488535
3157 9.430964760604153
3158 8.821802898123268
3159 8.632777581197116
3160 9.183853062239027
3161 9.721382937260563
3162 8.214149241847947
3163 12.104852387572198
3164 7.974907420393909
3165 6.974972582876689
3166 11.572581001866933
3167 8.522976881866098
3168 9.845220386598106
3169 11.773092603875511
3170 12.427843008608422
3171 6.817109897503919
3172 8.84449257855924
3173 10.83097568441088
3174 10.50979110432879
3175 7.713429052054621
3176 8.77548975017462
3177 7.836838608785627
3178 8.405618051074708
3179 8.01986326994932
3180 8.721010185901452
3181 7.41066390447743
3182 9.812471390896063
3183 6.333248536638085
3184 7.601030357114779
3185 11.019521415504892
3186 11.861089838158565
3187 9.0183258715106
3188 11.076864166367574
3189 8.025035329962535
3190 7.7234987992877215
3191 9.348972861861657
3192 9.04380374021447
3193 8.892618047189805
3194 11.830664340157497
3195 8.633729453837146
3196 8.836125326130162
3197 8.802080661156653
3198 8.025866262297132
3199 6.815608478746341
3200 11.408298262874398
3201 9.653581828954605
3202 9.266294278049553
3203 9.052604502712859
3204 7.239521155468195
3205 9.20335932510827
3206 9.53843822508489
3207 8.273934919992591
3208 9.031962016269173
3209 10.344428871607965
3210 10.500234845005231
3211 8.327099602928143
3212 6.526616957712498
3213 6.269266359467052
3214 7.61324517498362
3215 10.783785555760529
3216 11.472882670442713
3217 8.473687132344327
3218 4.663951029328065
3219 9.148864508797836
3220 8.192995163920202
3221 9.61515106668439
3222 10.679003836615083
3223 9.024289155832914
3224 8.331169456783911
3225 8.315576275863652
3226 9.830329147585829
3227 9.187603978079048
3228 7.97335440157273
3229 9.451006352720757
3230 7.876430932242531
3231 11.387423807610183
3232 11.534568757810042
3233 10.650866659817554
3234 9.502228810240851
3235 7.386446563670133
3236 6.496862891180301
3237 9.127001264774785
