1 91.88674094435507
2 89.39917307587532
3 86.55882631709198
4 85.30216151009121
5 83.96574506341392
6 83.08747060501726
7 84.23650512704569
8 83.9015342415667
9 84.07858528589438
10 82.64013773672602
11 82.13335632821315
12 80.8732833517389
13 80.63720324210237
14 78.37349741962865
15 77.56653836708655
16 77.59563439643884
17 76.84645300112881
18 76.31325316986677
19 77.30238471969905
20 77.55622667478485
21 76.91178600739119
22 75.74453944192544
23 75.5783269129531
24 75.68702423862995
25 75.31379375189096
26 74.18653982168209
27 74.36986275365878
28 73.49545171018829
29 73.05436920835349
30 71.96078956570793
31 71.81166589178108
32 70.85554960518697
33 70.59488953483009
34 70.2501199366152
35 69.47913691321494
36 68.64766896147833
37 68.42885787394064
38 66.3925951675164
39 66.64594108069812
40 66.09163137185945
41 65.19050716117503
42 64.22474919225226
43 63.31069454363226
44 62.44903894734896
45 61.665218893844006
46 60.82939823707976
47 60.25584537044525
48 59.496525539906074
49 58.7253209155799
50 58.31924316566719
51 57.45150770591354
52 56.618500276223116
53 56.053660454142346
54 56.368439589963494
55 56.353660589963494
56 54.441031034840066
57 54.516252811645664
58 53.80558394104774
59 53.326932570985775
60 52.26010792446027
61 51.77747003673217
62 51.0307605527176
63 51.29357147429467
64 50.769363178261365
65 50.39689824790114
66 50.2178701367157
67 49.464034815667674
68 48.65438361690342
69 48.10706104253264
70 47.7614919937001
71 47.25512395344166
72 46.667248094389215
73 46.17889552726416
74 45.796152077892685
75 45.35345553825905
76 44.78125753718588
77 44.468627377667346
78 44.2025198338224
79 44.223250128792785
80 43.72661562063611
81 43.448046492489794
82 43.11111195931214
83 42.74284998941222
84 42.63355481290502
85 42.47409587877833
86 42.12658377082749
87 42.012268837104145
88 41.91641327448549
89 41.692324962162026
90 41.50633778290206
91 41.136600730921145
92 40.666394601495966
93 40.47132272917143
94 40.36301107378652
95 40.10731444483908
96 40.01652077731797
97 39.83673316346543
98 39.764315582960464
99 39.80810817405621
100 39.86563371614721
