0 113.94726425170515
1 89.59401211691774
2 92.70005088185476
3 87.27212200514393
4 83.26802199673295
5 79.23439259327439
6 81.55668177590583
7 88.34676940736759
8 83.98361903440967
9 66.51773685496896
10 68.5409889494558
11 85.19685207609413
12 72.997052637287
13 79.6845856780538
14 80.44309523495694
15 68.33926308251172
16 77.0934212867137
17 70.69058151686863
18 68.02935983614618
19 70.51432285358743
20 66.96708532013828
21 65.17611701665322
22 62.821370763495175
23 69.74361280374258
24 63.19766809894601
25 67.31592508569693
26 62.7765417374067
27 67.18180886750066
28 65.1733408354264
29 62.816927796963995
30 60.92219146572716
31 65.33090976402994
32 64.26215421075284
33 64.23166908450995
34 60.32541482756879
35 62.756020078353416
36 63.66741624676904
37 60.83075991795893
38 66.31460348796767
39 59.45776353557947
40 60.106077107800786
41 61.373215206271865
42 60.64210641987688
43 64.94042279758821
44 59.40115701679122
45 67.2374194282993
46 72.41912360956513
47 63.180190411490315
48 61.21072024826659
49 58.665362835500524
50 62.753985123099845
51 55.888598873609794
52 64.87906030220279
53 64.73230882748977
54 59.24638339457728
55 58.86866602602331
56 61.53408613334141
57 64.0923219626703
58 67.67948922915797
59 68.29682396466312
60 66.9701285621103
61 62.79310325536128
62 61.023600976114125
63 60.54163865616409
64 57.61876014294097
65 58.983806678950614
66 54.500262485312575
67 61.25510115190165
68 61.363744725089596
69 56.467231218562745
70 65.79115034929076
71 62.52676507663903
72 64.89735692061808
73 66.84557247136931
74 65.92915037114359
75 58.40832982585722
76 63.382234693242125
77 64.86792645679826
78 62.618392272834384
79 65.60191541797931
80 64.55200622045987
81 64.3886394719921
82 65.2803889678474
83 58.22860799949814
84 59.20516799711872
85 60.95879075725747
86 64.35641281476511
87 64.45064348043888
88 57.6061681059893
89 179769313486231570000000000000000000000000000000000000000000000000000000000000000000000000000000000000000000000000000000000000000000000000000000000000000000000000000000000000000000000000000000000000000000000000000000000000000000000000000000000000000000000000000000000000000000000000000000000000000000000000000
90 61.42761046314331
91 62.77000698342149
92 57.84630173289522
93 60.50322782792119
94 66.45901994221501
95 62.68775539881041
96 63.69039942608032
97 62.4523569788807
98 60.799965736844186
99 73.06005770510099
100 64.17099868716332
101 73.9810266538779
102 59.391868600221784
103 62.233379055602555
104 63.2501194131566
105 65.13803736198214
106 60.743805746679165
107 66.24242790581843
108 65.36366314663343
109 62.662657747349584
110 61.99503556418657
111 65.5143065956474
112 68.59056379872021
113 71.71732681186695
114 71.40583327600655
115 65.39203794513085
116 76.60086304916489
117 61.570184407413905
118 57.66430079733997
119 66.51396533629239
120 63.8727309870539
121 58.62135119696486
122 63.27650350896718
123 61.26692097894363
124 66.88493515957046
125 64.31915631324337
126 62.37898282244653
127 66.18577551649193
128 67.37868564674112
129 55.3964941169087
130 67.79487006362666
131 60.83102475418345
0 62.160244233257544
1 90.7897340551985
2 64.15907132106419
3 73.80628491232217
4 80.82820570673317
5 66.11653537056763
6 62.40453111420689
7 65.55462307328445
8 65.49682053788676
9 65.28963823979174
10 63.37618402228397
11 60.874449913131976
12 60.66708542744753
13 64.40717247966676
14 67.11769297922932
15 60.64293190562934
16 54.373666757360624
17 179769313486231570000000000000000000000000000000000000000000000000000000000000000000000000000000000000000000000000000000000000000000000000000000000000000000000000000000000000000000000000000000000000000000000000000000000000000000000000000000000000000000000000000000000000000000000000000000000000000000000000000
18 71.50469733195963
19 64.42700473898503
20 61.70599585551974
21 59.28700414090233
22 60.80234506626875
23 61.52411245807391
24 52.68597177488616
25 63.287795941223514
26 58.46648758544146
27 64.3701577777615
28 58.37966161096978
29 60.33118416120659
30 59.09293727063185
31 58.89537682855994
32 60.29235443741626
33 48.84477524918392
34 58.58292348293628
35 51.91167333071139
36 57.96474041480693
37 63.69479478599301
38 60.45715310053938
39 52.148437131315596
40 58.083609817220584
41 51.90301684048978
42 54.67446677114043
43 51.903137689758964
44 58.84396995877515
45 59.11036971295242
46 57.951577383355236
47 50.253260251562025
48 56.28000374795853
49 60.01689751601938
50 59.13685716198606
0 59.82500946915653
1 70.81267402117096
2 65.91595750292934
3 65.87780023942791
4 68.37352044553253
5 61.13730519867064
6 62.49929673385151
7 179769313486231570000000000000000000000000000000000000000000000000000000000000000000000000000000000000000000000000000000000000000000000000000000000000000000000000000000000000000000000000000000000000000000000000000000000000000000000000000000000000000000000000000000000000000000000000000000000000000000000000000
8 62.73801217269358
9 56.169160268046156
10 56.26304431013362
11 68.42332138280696
12 61.246042614047155
13 60.603304779829166
14 60.05232255563537
15 56.19662131592327
16 179769313486231570000000000000000000000000000000000000000000000000000000000000000000000000000000000000000000000000000000000000000000000000000000000000000000000000000000000000000000000000000000000000000000000000000000000000000000000000000000000000000000000000000000000000000000000000000000000000000000000000000
17 59.05156886636284
18 58.519447783362146
19 56.094427386859884
20 60.82440240226994
21 58.558976487330554
22 62.75537572997579
23 61.58379204568133
24 58.24789079586035
25 57.94991975236818
26 59.971788763810615
27 60.51548082092053
28 59.81654104094238
29 60.77486814224594
30 55.893585824287875
31 58.71469931390891
32 57.42684957560604
33 58.17489285224456
34 53.782608467472336
35 62.100145595527245
36 59.39028929598586
37 55.28478838155422
38 57.96267103992262
39 57.043064287907185
40 60.01485520829602
41 50.548033976399
42 54.43822467534746
43 52.814075388682284
44 179769313486231570000000000000000000000000000000000000000000000000000000000000000000000000000000000000000000000000000000000000000000000000000000000000000000000000000000000000000000000000000000000000000000000000000000000000000000000000000000000000000000000000000000000000000000000000000000000000000000000000000
45 53.317129009749046
46 58.54030882548532
47 51.52126606570025
48 58.25353395972062
49 56.153464181381445
50 52.02410432020651
51 52.16324340415788
52 52.609987590301905
53 58.34022419571699
54 62.294258365691654
55 54.153307307798045
56 51.69174536931626
57 54.294774352234136
58 53.001473195184694
59 52.2097080238533
60 55.769850906435
61 57.73279794830918
62 179769313486231570000000000000000000000000000000000000000000000000000000000000000000000000000000000000000000000000000000000000000000000000000000000000000000000000000000000000000000000000000000000000000000000000000000000000000000000000000000000000000000000000000000000000000000000000000000000000000000000000000
63 53.88526597029842
64 59.09023268413363
65 57.58297756052187
66 59.92652342149515
67 61.16312397409055
68 53.60437258187768
69 57.61830815361232
70 52.33844108514732
71 56.00424918264309
72 58.75206670104666
73 55.0461123603837
74 58.62695416284729
75 49.89419306541416
76 57.32318434762636
77 50.16980027552681
78 60.490305096572435
79 52.292588110895664
80 58.508375011519334
81 53.852294043518334
82 53.33674560712094
83 49.74200231636847
84 51.373377499612324
85 52.80884713038069
86 56.800392643553245
87 56.09846990517429
88 51.22561320865892
89 56.35792534392712
90 53.13051880808893
91 48.62294505246169
92 57.91827228008881
93 60.361238560975934
94 50.67504922798977
95 53.8069048694633
96 52.77807569517989
97 56.092068827964695
98 53.51015774616309
99 51.33557051704856
100 55.4744365599722
101 57.55924510622602
102 52.764644636062094
103 51.46091437317689
104 53.480938346071405
105 49.48724790133011
106 54.37704624566001
107 56.674543906125685
108 52.95387905280649
109 50.07436074468613
110 52.13396332702977
111 57.55368546755645
112 53.76422784416811
113 49.51038680547031
114 55.19425932154271
115 51.52993808823503
116 52.52837219515909
117 46.75173452477152
118 58.50872176715569
119 49.24114624745062
120 51.78578291934555
121 53.04926726859807
122 48.52215516181921
123 53.47134993667168
124 54.47277756130662
125 53.02081135914727
126 46.698431213006614
127 48.44694772926394
128 55.630313744299194
129 48.069527313759124
130 51.74776871897071
131 54.79603505749248
132 51.30956451585716
133 55.64313980979622
134 56.85605974421972
135 49.636583025662986
136 49.89697170029985
137 54.905845254193295
138 52.51069932322023
139 46.64061074842791
140 48.31938542117099
141 54.81525628709537
142 50.05561476554715
143 49.859486329143515
144 50.06468996406786
145 54.23044405378312
146 56.263221752973045
147 52.826406168464175
148 56.690447719648226
149 49.076052698367604
150 52.260312928657804
151 52.51251870523134
152 50.724365580016205
153 57.55910701964114
154 49.91276887457407
155 48.07313688063024
156 55.37629737900088
157 50.577163997392766
158 50.79110474223742
159 54.11919527676735
160 50.36835840619191
161 54.15845069528597
162 48.010373067363865
163 57.061457909643586
164 51.010846332913715
165 50.79962278585295
166 47.798250735226304
167 50.15711357869825
168 52.71475514505853
169 56.35680780760724
170 179769313486231570000000000000000000000000000000000000000000000000000000000000000000000000000000000000000000000000000000000000000000000000000000000000000000000000000000000000000000000000000000000000000000000000000000000000000000000000000000000000000000000000000000000000000000000000000000000000000000000000000
171 48.84705531735039
172 52.15762806261931
173 51.75859081468966
174 51.06648495647488
175 49.38062950690415
176 54.140746798913085
177 48.49159404434592
178 56.69283397211804
179 51.36342682503396
180 50.87910335738153
181 51.92333494080227
182 45.94132839822124
183 50.888769399845096
184 46.896319374871915
185 49.48381223199385
186 50.96675623718596
187 50.822690063729226
188 51.624673607603
189 49.0883637076282
190 49.43614902948322
191 47.79822943961625
192 52.07948900815569
193 53.0050262763833
194 53.10846017264722
195 50.00599288067551
196 46.4912809443218
197 49.1051107458876
198 50.660231996352636
199 52.35811962697719
200 48.78542405567873
201 51.18044107633292
202 49.847341723740634
203 57.31437634434661
204 49.636507909686415
205 47.810701721211686
206 45.92078150973101
207 44.87835944068781
208 44.60971430959057
209 48.410869770643615
210 45.91585678952406
211 51.03819052097979
212 50.20541613811431
213 47.49239581662749
214 48.73641606937424
215 51.590771029087136
216 50.560282399142345
217 44.099703144001474
218 49.72757137577487
219 51.43072422530782
220 49.646235500823494
221 48.67914330248195
222 47.949353396813116
223 52.305045451630924
224 50.013823956279765
225 46.31199245729201
226 50.37897124622634
227 48.5615372888409
228 48.038415487012045
229 48.56241930333221
230 44.47361168941278
231 43.620566660056525
232 48.1184191798307
233 51.82029230737672
234 49.66571537339698
235 47.47493195987826
236 53.26951575341677
237 49.782240952054906
238 48.20715795793888
239 45.75023387186853
240 383.74210324586676
241 386.56817067546075
242 357.4894294682399
243 347.5779695278186
244 324.55249545555546
245 311.5083256492034
246 308.53024835167656
247 280.79846649729325
248 270.6315927241691
249 263.72026309092684
250 256.1877751252651
251 238.31630339754173
252 232.15376721232644
253 218.3872845985782
254 207.0062281469377
255 205.31964796663897
256 187.38375097027674
257 179.7120277363275
258 174.392370068741
259 175.95250717658996
260 173.50455824892302
261 161.68911245290403
262 159.72441728194744
263 163.70715495038291
264 159.8514054120164
265 170.1937015039129
266 156.61826994531424
267 160.85094953917834
268 161.0124414404849
269 154.58915117103527
270 150.23374000379434
271 159.60336080504953
272 154.48343734595332
273 162.9573971683001
274 151.88205078979874
275 153.61045067892368
276 148.5943608290669
277 156.16807295295285
278 147.5453225652733
279 152.02040011242988
280 153.41942732253776
281 153.57653351871488
282 151.552057925662
283 149.41129511156888
284 149.22743396780308
285 143.14258623219732
286 141.78644894950716
287 147.93341067496885
288 149.57699047771953
289 154.8192975019995
290 152.423579570407
291 147.69927978736865
292 147.24722348850713
293 140.14618767737986
294 138.60301001622
295 144.5758550826144
296 142.3392653454276
297 148.3986969096266
298 146.01520073463718
299 142.50663120523004
300 154.54103298091957
301 140.1532180724181
302 145.6343555205236
303 142.9019064064863
304 146.48243511723223
305 150.52348597245305
306 146.240257673289
307 146.13533475369903
308 146.8106448677144
309 146.7278607064516
310 149.10513762314227
311 139.91736189968333
312 143.69290847084886
313 143.68619780108384
314 146.85573975447633
315 142.25864441232375
316 142.7998090627416
317 142.09452135541753
318 139.92405791642273
319 148.20363644639428
320 136.34431093695764
321 144.1100229287554
322 138.07468449978077
323 143.53936321848138
324 142.7710041167367
325 136.44070213387167
326 146.1316465637346
327 143.426115186174
328 135.0286727315976
329 143.7579515756772
330 144.77926006680104
331 135.48943541133616
332 144.935566264558
333 140.76150705314208
334 141.12375749069565
335 136.90268407252688
336 142.51470041099236
337 135.91411873828218
338 139.81694338864884
339 137.4705905872854
340 137.6054555223593
341 145.36891570614685
342 138.06234045908272
343 143.59484374287962
344 139.63906538233002
345 140.91820838248046
346 141.9298656058122
347 132.1610502767603
348 134.78401328960453
349 135.3350050427294
350 142.61242534036867
351 134.5943105260903
352 133.12081185637655
353 133.8150949293027
354 134.95184888433386
355 133.91450579762568
356 136.89028170379476
357 130.48161975281866
358 134.92569796053047
359 136.20813824836688
360 133.62756989494343
361 139.79682814472844
362 130.73524866128773
363 141.9070363658902
364 130.24887291832667
365 131.45558758253233
366 131.56666536552814
367 127.47353806769266
368 129.17725546393646
369 137.2844766489569
370 125.85518556467156
371 139.29224821053532
372 131.2458936798416
373 128.2766804834929
374 142.0448454223446
375 126.55548110610162
376 133.97488858676226
377 130.24221028557648
378 133.90065143866562
379 129.86834861299283
380 134.0631968845481
381 134.09592108220113
382 128.63423152206852
383 128.84231276773417
384 134.06047925142957
385 129.38657226405462
386 135.24719021585398
387 126.78543847913402
388 134.35365829363934
389 129.95031719395675
390 137.91951533140983
391 126.45385628737418
392 130.52602840597234
393 131.64316556004843
394 129.66261677742952
395 129.62419809310575
396 130.8387797550822
397 131.9422161461514
398 127.34862416178501
399 128.81355059451587
400 133.49590293593005
401 132.63315893711746
402 131.20904811394138
403 131.2100662910697
404 131.68254081175297
405 121.12689801942581
406 124.8060617548895
407 124.95925636608617
408 129.89283824570924
409 126.9316013513633
410 126.43218012372786
411 121.79022390986411
412 126.94797987886254
413 122.04960626557154
414 116.85652541959132
415 121.01211452174242
416 130.25914256159717
417 129.40834338962438
418 130.34729610028214
419 120.81921642596615
420 123.0101184206444
421 130.87306483183397
422 122.73144300005765
423 124.21764889361434
424 122.57077848170402
425 130.11728730904076
426 127.73123023698143
427 125.83773680023397
428 125.07678370867605
429 120.41653686985782
430 121.29350091043612
431 126.51476604521466
432 123.79031224931693
433 127.31962098112565
434 123.38978143465845
435 116.92610735050715
436 116.43855475974432
437 126.63084166584791
438 125.73756201504658
439 120.59435600561042
440 124.15271690749515
441 126.974511880116
442 125.23253105814032
443 120.56218366583464
444 113.18924106387867
445 122.01485545100321
446 123.15841686694824
447 123.11047709611925
448 123.07384545020798
449 121.67284493227524
450 122.1564690349725
451 115.86312499638498
452 116.08602735743602
453 119.23646674173779
454 127.29944083818027
455 116.42214739325148
456 118.01613507108799
457 117.45404624559207
458 114.31868520979353
459 112.27879519034556
460 119.00355147868162
461 115.20461456749828
462 113.72868776398417
463 112.3451662262313
464 120.95194882961692
465 113.45556351038428
466 117.85699875152375
467 119.33753867272131
468 121.18403551663003
469 112.0773850977345
470 121.73085088713924
471 122.5994396307359
472 115.58169088631799
473 126.23811753315192
474 115.57425289933163
475 110.68531497733397
476 112.41480905979327
477 120.4442185615843
478 114.70914544303271
479 118.28511437976711
480 114.01067192911947
481 114.5414408917301
482 116.52590942461912
483 116.39506666069212
484 117.9984405033425
485 114.09942148376129
486 119.49412832065269
487 116.39136683517268
488 111.8850656498916
489 115.00646864297713
490 116.78233687832464
491 113.10855123105527
492 112.09085264906246
493 112.50538645093587
494 113.42848070250392
