0 63.36171931901946
2 72.05861644639631
4 59.6768167105504
6 63.01223219426348
8 62.452289473181565
10 59.36084787898698
12 55.90938969977662
14 57.961333348639315
16 56.51222413042098
18 54.42193368726409
20 51.52640973596662
22 46.359056091345856
24 47.688922144535454
26 44.446692760798626
28 42.94088439225568
30 42.70044342838346
32 44.53190705112646
34 42.26046956884209
36 35.456013030046634
38 40.03916818381287
40 39.82761728435114
42 38.977124041108176
44 35.80449346540263
46 40.35612307172386
48 36.16396386328153
50 33.83621178180326
52 36.494869959603506
54 36.6044403524499
56 35.970409553676156
58 33.92285365827496
60 33.31012809598936
62 34.551869943938236
64 32.75876300413629
66 36.18632551016112
68 34.94147328285733
70 34.79328278437256
72 34.44780271805998
74 34.09353868660049
76 32.77463518955977
78 33.10042447026004
80 32.51958550048525
82 30.827476628116578
84 32.54731632383539
86 28.95449848691701
88 32.47137761029529
90 28.180808971300717
92 33.12301461905241
94 33.27750823382172
96 29.361788848509306
98 33.75798519150819
100 30.305766566409144
102 29.920624912902742
104 28.73569105064845
106 27.950756061827995
108 25.651718235353478
110 29.15684005534508
112 30.245687410143457
114 28.29508947149735
116 27.938659959952346
118 29.465230898694145
120 30.56684729981237
122 27.50575463860354
124 29.429634968542956
126 30.398633836147468
128 27.877046592482372
