0 408.399957999407
1 243.16268928780642
2 187.68079952945897
3 231.77147444460647
4 238.66117695203357
5 236.79016459785865
6 204.87547461547368
7 177.79193549390843
8 169.28586856971242
9 193.10403254119905
10 212.3798075743822
11 206.42843435514408
12 177.626725515681
13 151.65028995326006
14 151.92356354423333
15 152.85827918537905
16 170.4340316309966
17 170.1415479049666
18 159.90366672711582
19 138.87825383458465
20 141.04338933352477
21 145.7459362008757
22 149.65190217967404
23 143.85549232937916
24 137.65914787088826
25 126.4613787945479
26 130.53703237392895
27 125.5825883523009
28 128.63470290850316
29 129.8733707319576
30 129.79548572561913
31 114.88951831621817
32 115.42693398618862
33 119.87255488428795
34 122.48295307963627
35 117.67245259238992
36 113.95868830655829
37 103.55521174488524
38 107.97363675584398
39 118.72221674161634
40 108.61514414985008
41 111.26585633225454
42 102.7555564771337
43 109.23903235822732
44 104.03574881547038
45 109.18825292544003
46 99.8688119089751
47 104.36197031083981
48 101.10045084665158
49 102.29400533880182
50 96.56639534918746
51 93.35622262910596
52 97.38084638299212
53 93.64744501272646
54 92.61877073480477
55 94.34085321978846
56 91.4023994201649
57 93.28149181674671
58 89.87169378441406
59 91.07214700446782
60 89.12453647961951
61 89.14686601647577
62 94.30600603546907
63 88.50392879932829
64 86.73618185158932
65 89.45490786799267
66 85.5201457915752
67 83.7950017547208
68 83.92648607454505
69 85.45589893164671
70 84.14641082154243
71 81.54654323290929
72 88.49767240375964
73 77.14586407517949
74 87.22150044097096
75 80.08482347140423
76 85.46376064924729
77 80.71988786888264
78 84.63687815445026
79 81.67981881659362
80 80.5890186567479
81 81.3394185113485
82 81.8976695773125
83 79.10301680075452
84 79.8193763847295
85 82.98906510966452
86 77.7280594127777
87 77.41330102577162
88 81.09295283177298
89 75.98659086825057
90 78.98902356560038
91 82.22375413393765
92 80.39932793664288
93 75.23429022967719
94 76.45267395100242
95 74.92478609959176
96 75.71816790088927
97 73.47771789290711
98 75.55684013286597
99 76.77395263468955
100 72.12911917562607
101 76.01809901048117
102 76.76739840958825
103 73.30283185257353
104 78.69077931862441
105 72.55831520807234
106 72.98406905716628
107 71.51462673690216
108 73.86398199633854
109 70.28493026003132
110 71.47409022917802
111 70.79399299625794
112 68.77885850869592
113 69.18987972538214
114 71.11892911779573
115 71.48768502223173
116 65.37769845716535
117 70.51728144891042
118 70.87826185968373
119 69.89567234785508
120 68.26657523042765
121 70.9127156088097
122 69.34861595088158
123 69.9725486859423
124 66.47317200283639
125 69.69985811870218
126 67.10497346284217
127 69.88915580381361
128 68.23433163874154
129 63.120002796611494
130 64.59636403644586
131 68.42388825332297
132 67.10515860717408
133 68.01012306984791
134 64.47603486469252
135 66.30065482481346
136 64.70484550332698
137 70.668294072756
138 63.19302325012444
139 65.25609166403832
140 66.90336423730736
141 67.71346733093038
142 67.61618745197785
143 63.89953153587557
144 68.0260547590362
145 65.5659658889166
146 63.72404663920818
147 65.72904182755411
148 63.70749087816745
149 63.79403930828222
150 68.24262354175005
151 62.576404021112786
152 63.41570706715888
153 64.95844553131387
154 63.48694990995345
155 63.54788267769659
156 62.50596284763607
157 61.25350571005109
158 64.82097798896358
159 61.996487388595305
160 65.09817433625761
161 63.06414258064984
162 58.70138083546493
163 61.34831410025315
164 59.89699711937579
165 61.406327429587776
166 59.95465076971305
167 62.51096218681013
168 61.62123359451445
169 63.72959177203283
170 60.85965529985219
171 58.860925990980625
172 61.36097851177985
173 59.90056702265802
174 60.8716697339225
175 58.603269252923745
176 59.02866384412098
177 62.788553056068665
178 59.673293490007694
179 63.70713301549343
180 60.88769250642946
181 59.899902992121646
182 58.30451037679578
183 61.58369709036989
184 57.61050208607605
185 56.782069702188124
186 60.285144375815634
187 59.67163530433412
188 58.94059441005344
189 58.15166046397726
190 59.44332713319286
191 59.88466680054553
