0 75.83122711068316
1 78.00011018478274
2 79.18735406896434
3 68.69196935521458
4 77.19286559065445
5 67.95932890154434
6 65.91076438518199
7 71.70505169720855
8 71.37041470111136
9 69.38935300296484
10 71.5633183126487
11 68.3398173482229
12 71.67783594752352
13 61.99619128839531
14 67.98303236038119
15 68.62072254143632
16 64.60823700921192
17 65.86240203724655
18 59.618293948895435
19 60.562318272294654
20 61.826355778340535
21 66.60552380030877
22 66.73732498013534
23 62.925262146719
24 60.18091484614601
25 60.50365831625043
26 64.10108108749878
27 59.194402899258826
28 63.07246745618371
29 67.50890064678651
30 58.15643393166229
31 54.95082272856066
32 58.805550851859195
33 60.08331220221889
34 55.39391201858276
35 58.252590484009716
36 53.78700265422679
37 56.55145237330374
38 57.62918197999422
39 52.7685038550124
40 56.35979579261932
41 51.714405730017475
42 56.68641291030394
43 56.305883405903245
44 61.925169500367126
45 55.98237341658947
46 52.890074237169244
47 55.362285944845105
48 50.89809596817943
49 52.57949590879991
50 47.874975233873066
51 49.56420789802755
52 52.795555692661644
53 52.74412115949852
54 47.824836873497205
55 51.880147940130016
56 54.66963405099261
57 51.089499196470506
58 53.156366160109606
59 48.8717885194436
60 47.86030548966776
61 51.56823124944155
62 49.16812826704106
63 48.046588323244706
64 52.52367312332786
65 48.86659158765298
66 45.654715168265966
67 48.056483952676345
68 47.53806359864151
69 43.624970433041064
70 40.90085440166202
71 47.66150108865801
72 47.087630759602284
73 45.71814003268865
74 45.95643665900645
75 41.741315863196704
76 45.1555079776967
77 48.253023305133226
78 42.1204711777764
79 45.59908007414872
80 48.27966854160726
81 42.711681382982846
82 40.92516402672164
83 42.23716427825798
84 40.72740292303911
85 45.42753535663284
86 41.02708769823015
87 41.49496486544152
88 42.55810680736504
89 40.26198602891647
90 43.783827003964724
91 40.390579856788875
92 41.816342373586046
93 39.78362809438914
94 43.708795080247945
95 42.863756110112625
96 44.475294444560774
97 42.00443668964094
98 41.251672966563966
99 42.186318247659635
100 38.75950286892623
101 42.718410896864235
102 40.28718651869508
103 42.7253113316778
104 37.58755185736347
105 37.937353708518614
106 38.397169451626304
107 37.1540901267286
108 38.56364607962613
109 41.65499331200351
110 39.50216313588841
111 37.34271525252813
112 32.92882700797576
113 36.27008142775726
114 40.33487157963622
115 41.28617876449237
116 36.09538939175976
117 34.39416312287824
118 37.67775469836003
119 34.658693125549085
120 38.940645287731286
121 37.49721494748091
122 37.45734792595091
123 37.43093032888076
124 39.359331962949504
125 40.14916369496869
126 38.38302904639978
127 38.97257296189305
128 37.1178931901127
129 35.230488666719076
130 40.84692929713026
131 37.53534140151281
132 36.41116040871024
133 34.94137531021707
134 33.53141809041903
135 34.11883709623062
136 35.69774789690452
137 36.93157794173114
138 33.76427748272618
139 36.70378785236074
140 38.634658062054456
141 38.09408294520256
142 34.63624670919785
143 34.13115972805564
144 31.795283362629082
145 36.09119091123842
146 32.24008764981482
147 34.491830917780476
148 31.862823261777883
149 36.156031344348605
150 32.56659684101572
151 34.51737779640303
152 35.595955117375766
153 30.632041278992208
154 37.20333468806571
155 35.623473199193334
156 31.992558399669797
157 34.34721319525926
158 33.19886073463025
159 34.019915785724066
160 30.634970756052113
161 34.50816003778854
162 33.84863531127726
163 33.46485039568953
164 29.961008447449267
165 34.84319364323984
166 33.96398634928612
167 32.36112051583731
168 35.097798163105615
169 28.563485320815683
170 32.375461706990144
171 30.854361364553743
172 31.562738249023905
